36
16
40
46
49
6
19
0
15
7
38
30
40
24
29
0
25
5
45
45
38
39
27
12
4
32
41
49
1
15
37
30
28
42
39
35
11
0
10
14
6
49
19
4
44
28
23
30
5
42
29
43
37
18
38
21
2
31
34
43
45
47
37
6
28
37
3
41
36
17
48
8
3
42
46
42
11
16
48
43
9
35
46
7
34
5
1
16
22
48
40
26
16
33
0
11
21
33
37
9
25
37
3
37
26
14
0
1
42
30
22
45
11
40
2
37
36
10
49
46
42
16
37
24
18
18
14
19
20
3
30
14
48
29
25
43
37
45
33
5
5
41
17
6
7
33
27
37
37
34
36
46
14
13
48
38
26
40
34
14
13
41
0
40
39
47
16
21
25
10
30
20
4
31
31
35
42
15
49
13
16
1
1
44
42
41
41
30
16
10
5
31
17
49
26
29
18
17
46
39
2
42
42
14
24
43
5
48
16
42
15
36
26
6
24
19
2
40
46
27
41
27
13
26
40
6
44
27
27
27
13
35
2
1
26
0
4
2
2
10
7
35
18
27
3
46
5
23
7
49
21
49
28
20
41
39
23
21
7
37
25
39
44
13
7
11
10
14
12
3
30
24
4
22
41
11
8
11
6
15
39
11
10
20
16
47
12
32
24
9
46
9
41
25
34
21
6
21
49
43
30
4
39
23
46
21
17
11
49
40
33
30
3
21
11
0
39
19
34
27
37
28
11
46
22
20
13
33
32
5
23
1
31
24
48
4
45
44
30
11
27
3
6
8
9
29
25
15
19
42
10
44
12
26
12
16
15
34
18
31
42
20
49
14
15
36
14
22
11
4
2
28
32
35
16
32
21
10
18
2
1
35
38
47
48
27
4
20
20
44
38
6
36
40
17
43
31
25
18
10
12
12
20
26
30
29
3
43
46
33
35
49
33
13
6
4
17
38
7
12
31
10
10
44
37
3
40
15
39
4
46
31
17
24
47
9
7
39
0
39
3
16
33
36
11
33
7
1
30
35
37
49
39
17
0
7
14
7
36
7
0
29
7
27
49
19
4
14
44
37
46
10
40
25
1
1
42
40
41
40
2
15
25
45
40
37
7
8
20
8
26
8
39
41
43
5
33
42
29
30
19
2
1
48
8
28
15
37
2
39
30
25
42
43
26
27
18
44
49
33
43
14
14
36
10
5
21
3
4
1
13
31
9
28
40
18
26
41
49
45
13
10
20
1
39
34
4
29
28
41
26
41
39
7
12
31
28
42
21
25
8
9
44
38
12
47
12
23
27
14
35
31
33
9
2
35
3
49
46
35
37
43
27
21
17
31
35
25
3
27
47
34
30
2
10
28
30
21
32
13
0
40
37
27
26
22
18
4
0
37
7
17
24
24
46
27
48
12
36
26
23
4
29
2
36
1
20
25
37
43
28
8
30
20
14
27
20
7
23
3
21
5
9
32
15
28
33
17
20
10
41
27
37
22
11
22
16
10
2
39
8
16
41
12
25
40
9
43
21
27
33
10
12
24
33
11
28
2
22
11
31
19
46
21
38
25
12
20
38
2
35
18
39
16
34
46
38
18
26
22
46
6
6
8
35
41
14
37
45
13
31
37
34
22
48
24
23
48
22
30
11
48
22
2
4
44
38
48
39
46
32
28
10
6
23
18
38
31
47
27
22
2
11
30
6
13
17
17
26
22
13
28
8
41
39
33
2
45
22
24
49
13
1
21
2
34
33
27
36
8
24
30
35
13
20
38
8
3
30
45
11
0
4
23
11
25
49
7
7
24
18
32
38
44
13
42
27
27
1
37
9
2
18
34
5
25
31
25
0
34
30
46
33
28
12
16
6
49
34
24
37
11
31
11
42
42
14
22
11
38
18
9
12
11
23
30
6
7
5
1
4
10
48
14
36
39
13
12
29
26
32
30
23
19
22
28
34
11
43
40
23
43
34
45
32
32
11
5
5
33
40
16
7
29
30
40
47
15
16
10
10
37
23
11
12
11
26
25
1
22
22
25
20
24
20
35
30
18
4
43
41
24
46
13
46
47
22
38
7
43
45
0
49
29
27
15
8
43
2
31
38
21
26
25
18
48
37
23
3
41
36
27
39
24
14
18
37
26
47
28
5
7
47
37
38
31
12
25
34
47
22
46
38
10
18
2
35
36
18
24
20
22
21
8
40
42
40
2
10
13
35
28
36
48
36
18
34
16
1
5
1
4
29
24
17
38
6
38
31
9
45
4
41
7
17
21
10
36
24
3
40
3
29
1
1
36
40
14
20
39
42
14
14
9
8
40
2
8
6
1
5
24
43
20
28
22
35
45
10
37
47
5
26
31
20
5
28
35
28
23
37
44
4
43
24
3
1
14
32
33
1
40
46
38
15
36
0
46
8
1
27
30
21
49
14
48
3
10
18
34
1
34
47
37
23
