1,11,37
1,12,2
1,3,5
1,11,35,14
9
1,3,12,5,2
1,12,4,38
1,11,10,13
1,3,50,2
1
49,1,12,7
1,5,9,4
1,3,4,2
1,21,12,30,2
1,4
1
1,13,4
1,2
1,2
42,5,2
1,11,3
1,5,24
1,17
1,10,3,20,5,4,7
1,35,3
45,19,14,2
1,23
37,19,2
11,3,5
1,3,5
47,23
1,4,2,7
6,4,2
1,12
1,2
1,2,40
1,6
1,24,27,2
1,11,21,3
41,1,44,4
6,3
9
17,2
1,2
0
1,11,44
45,1,36,13
46,1,16,10
1,50
23,4,2
46,1,2
1,44
1,15
8,15,3
46,1,18
1,32,26,3
1,14,4
4,2
1
1,39,3
1,6,11,15,18,7
1,8,15,3,4
1,12,48,13,2
0
1,3,13
43,1,16,3
10,3,13,4
0
1,3,2
15
36,9
1,44,5
26,19,3,24
1,8,32,4
45,5,2
1,2,7
1,2
41,1,6,21,3
1,8,19,3
1
1,23,5,38
1,22,4,2
7
1,6,2
1
1
1,42,47
41,3,29,4,2
1,6,47,13,2
43,1,18,4
1
1,20,2
3,13,2
1,2,38
1,15
1,4,7
1,17
1,23,2
1,3,5
1
1,7
19,15,14
1,21,4
1,20
1,6,2
9
1,6,11,5,14,2
1,26,2
0
1,6,44,12
16
35,12
39,10,3,13,2
1,3,9,4,2
1,42,2
1,3,9
1,4,2
49,1
6,11,4
0
1
1
1,11,3,7
8,5,2
43,6,8,16,5,7
1,7
1,3
1,4
28,15,33,4,2
1,18,2,7
1,11,10,20,4,2
1,8,39,5,17
1,8,15,13,33,4
1,11,3,20,5,22
1,11,3,9
1,27
1,5
1,6,10
1,47
1,16,2
1,11,12
1,12,5,7
1,10,2
35,24,7
11
41,1,6,33,4
1,12,22,9
1,8,4
1,16
17,27,2
19
1,8,3
1,6,8,31,13,4,2,7
1,7
1,6,18,17,9,2
6,27,4,2
1,29
1,47,17,4,40
1,3,2
2
1,5,4
46,1,25,4,2
1,28,2
23
1,5,24
1,29,33,7
1
1,6,4,7
1,15,2,7
2,7
50,38
41,1,12
1,3
1,8,7
2
1,2
1,6,3,2
3,7
1
1,26,3,4
1
5
1,12
1,3
1,7
1,5
1,2
11,3,18,2
45,1,44,3,17,2,7
6,28,16,10,3,2
1,25,2
1,12,5,4
1,6,9
1,47,21,2
3,9
1,3,12,30
8,2,7
1,10,2,7
1,2
46,1,2
1,6,16,10,4,2
1,6
9,24,29,2
1,42
1,8,3
46,12,2,7
1,5,9
1,37,16,3,27,2
1,23
1,9
3,22
6,3,2
1
1,44,2
1,35,2
1,5,7
1,19,15,5,7
2
1,6,2
1,19,3
1,6,35,18,4,7
1,32,37,16,2
49,9,24
1,6,3,12,2
35,9
1
1,9,14
11,34,25
1
1,36,4
1,3
40
1,31,10,3,4
1,21,2,7
1,31,4
1,8,11,3
1,8,3,5,48
5
1
3,2,7
6,11,31,3,2
23
43,2
0
1,11,42,21,27,4
1,32,19,3,7
1,25,4
1
1,2
1,12,5,30,9,33,4,2
1,5,4
1,37,24
10,5,9,33,4
1,15,3,27,2,40
20
1,13
1,3
1,6,23,5,2
1,32,29
1,47,35,27,2
31,3,2
15,3,20,7
49,1,3,2
1,19,30
1,5,2
1,17
1,36,34,9
1,3,14,2
1,2
26
40
1,6,3,12,2
1,13,7
3
5,2
41
1,4,2
1,25,2
6
1
1,12,5,4
46
4
1,6
1,23,5,4
1,16
9
1,37,19,2
1,42,28,4
3,18
2
2
43,8,15,20
1,3,12,23,17,29
1,3,2
1,48
21,2
8,28,9,29,2
35,12,48,9
1,25,9
43,1,2
7
1,8,3,4
1,8,22,2
1
1,28,19,3
42,15,33,2
15,3,5
1,15,23
1,8,11,3,27,4
41,1
10,2
1,13,2
1,30,2
1
1,14,2
43,1,37,16,3,2
8,34,10,27
1,22,29
47,3,23,2
1,10,14,2,7
1,18,9
1
0
43,1,35,3,29,2
1,16,24
1,26,27
6
6,34,23,13
1,6
8,14,2
42,19,3,2
1,19,3,38
1,9
1,3
41,1,3,2
1,10,12,38
1,18,7
34,16,3,2,7
1,14,2
8,5
3,7
1,34,31,3
47,2,40
46,1,6,10,3,2
1,6,21,3,17,33,2,7
1,26,31,4,2
1,6,10,18,5,9,2
1,37,9,4
1,2
4
34,13,4,2
1,6,11,4
45,1,35,3,2
45,1,37,28,3,12,13,2
36,28,2
1,11,5,4,7
1,6,30,27,2
1,11,3,25
45,41,3,12,2
1,8,29
1,15,5,2,7
1,8,16,5,17,13,2
1,27
1,10,4,38
10
1,5,2
15,25
1,3
1,6,31,27,2
1,3,12,4
31,3,29,2
1
26
1,36
1,11,16,5,9
28,10,23
1,2
4,2
1,3,48,2
41,8,10,33,38
1,19,30,2
45,1,34,23,4,2
12,23,5
1,3,27
33
1,16
15,25,2
1
1,8,28,2
1,8,5,13
1,28,19,38
1
1,3,17,2
1,4,2,7
1,4,2
1,5,9,4,7
1,5,33
1,6,15,29
8,3,5,9
49,1,19,3,25
1,20,2
1,48,22
1,22
1,20,24,4
1,13
1,11,14,4
49,11,47,19,5
1,4
1,8,13,9,2
1,35,20,2
1,3,40
1,19,25,4,7
6,8,14,24,2
0
1,11,44,50,30,2,7
1,34,44,20,14
1,21
1
1,5
1,34,10,23,33
1,3,7
36
1,17,9
4
1,6,2
1,3,5,17
6,2
1,10,14
46,1,11,2
6,11,14,4
1,47
44
1,6
0
1,6,2
10,2
1,2
35,17,4
6,34,14
1,16,4
1,12,4,2
3,30,4
8,23
1,3,24
1,6,31,19,3,13,9
1,31,3,23
34,18,23
1,11,3,7
1,6,23,2
1,13,24
15,2
1,39
1,50,17
1,10,25,22,13
1,23,5
1,3,4,2
1,3,20,27,4,7
39,3
31,16,2,7
46,1,3,5
1,5,2
1,5
1,40
1,6,25,33
1
45,1,48,13
1
1,6,3,25,2
1,28,5
1,5,9,29,2
1,31,9,4
7
32
1,16,50,4
5,29,2,7
1,35
3,17
1,16,2
1,3,4
1,6,27,2
1,16,7
1,36,8,50,2
8,3,29,4
1,4
2
6,5,9
1,32
1,10,15,5,13
1,32,2,7
1,11,44,3,4
1,3,5,13,2
1,13,4,2
1,36,8,16,10,13
1,10
1,6
1,8,12,2
1,35
1,2
9,4
1,23,4,2
12
1
45,1,6,3,5,2
1,6,15,17,2,7
3,4,2,7
1,10,3,20,38
1,44,3,5,17,7
1,6,11,12,4,2
0
1,31,3,5,13
1,6,4
1,11,17,2
8,19,29
1,11,13
1,8,7
15
5,24
1,6,10,4,2
4
1,19,48,13
1,6,32,2
2
0
1,14,2
5
1,15,24,2
1,11,31,3,40
1,16,3
1,16,9
1,12
1,3
1,8,14
41,8,5,2
1,8,5,2
1,4
1,6,12,14,7
1,5,13,9
3
1,6,26,21,25
10,4
1,35,5
1,8,3
0
8,3
1,5,48
1
1,31,5,30,13,4
1,6,42,2,7
1,22
1,47,21,20,23,4
6,24
1,4
1,6,7
1,32,15,17
0
1
45,1,6,10,29
6,3,4,38
2
1,3
1,6,15,3,2
5
1,9,14
1,35,10,18,13,40
4,2
1
49,6,22
3,17,4
1,4,2
8
1,9
1,3,50,17,2
1,36,24,2,7
1,5,4,7
1,9
23,22
3,24
23
1,21,5
6,17
1,36,35,3,5,4
1,10,24
1,15
1,24
1,10,7
1,10
11
11
1,6,5,30,4,2
1,36,5,13,4,2
0
1,32,25
1,6,3
1,2
1,31,15,3
1
1,34,3,17,29
1,3,13,7
46,1,39,4,2
3,29,2
1,6,48,4
34,32,12
1,11
1,39,33,2
1,3
0
1,11,22,9,2
1,16,4
1,5,24,4
1,4,2
1,3,5
26,19,3,2
1,11,19,10,3,12,24,4
1,16,13
1,8,17,2
1,6,3,4
1,27
1,44,4
1,16,3,5,24
1,11,10,5,38
1,5,4,2
35,23,2,38
18
10,2
6,3,5,27
32,3,33
1,2
1,3,17,29
1,8,21,3,17,22,14,4
1,26,23,5,7
16,24,29,4
45,46,1,16
3,25,4,7
1,32
1
43,1,15,4
1,26,23,2
1,36,5
7
1,3,30
1,29,4,7
1,6,18
11,31,3,2
3,4,2
1,17,9
1,2
45,49,1,39,12,9,4,2
1,31,19,3,2
43,10
3,2
1,19
1,3
3,20
1,24,4,7
11,3,9
7
9
1,16,5,4
1,16,3,5,22
2
1,4
1,8,21,23,13,4
1,5
1,2
1
1,2
17
1,6,5,4,2
1,39,15,3,4,2,40
49,1,37,9,24
1,47,25
1,8,16,24,4
39,3
1,35,13,27,2
11,10
1,47,2
6,10
49,1,25,2
1,8,11,9,2
1,2,7
1,25,22,29,2
27,33,4
11
3,12,9
1,26,48
1,10,9,24
1,3,5,30,17,9,14,2
8,3
1,19,21,10,3,5,27
31,2
1,5
1,44,28,3,22,9,24,2
1,8,34,20,14,2,40
1,10,48,25,13
1,3,12,30,4
1,28
1,8,21,14
1,25,9,2
1,2
1,6,38
1
28,3,12,4,2,40
6,21
1,8,20,50,2,7
3,30,14
1,39,4
10,14,2
0
19,10
3,5,22,13,24,2
14
1,3,23,9,4
36,3
1,6,34,3
46,1,5,2
1,25,13,7
1,34,16,24,2
1,23,2
1
1,29,7
1,20,9
16,19,3,2
5,33,4
32,5
3
5,9,4
43,6,35,4
1,31,21,3,18,5,2
1,6,3,13
18,2
4
1,3,24,7
1,6,4
1,8
1,6
1,2
1
1,8,26,10,2
1,6,9,24,2,7
3,13,2
1
1,21,3,2
1,5,9,2,7
1,2
43,41,1,8,3,4
1,10,3,7
1,3,4,2
1
1
15,3,20,25,4,7
1,9,4
19,3,2
11,50,4,2,7
1,9,27,2
3,2
1,19,2
37,15,3
28,48,2
2
38
34,15,3,5
1,18
1,10,2
1,39,9,2,38
1,2
1,6
19,5,4,2
6,44,4,2
1,13
1,13
1,8,21,10,13,2
26,7
3,17
1,2,7
26,2,7
49,16,24,4
1,26,3,24
41,1,3,5,2
5,2,40
1,6,20,2
1,8,2
1,10,12,7
45
45,19,2
1,21
41,1,8,35,5,14
20,17,24,7
1,39,4,2
1
1,28
1,3,2
16,3,4
1,23
45,1,3
9,14,2
26,21,3,23,2
1,14,4
1,17
1,13
28,17,24,4,2
16,9,4
1,2,7
8,11,5,7
4
49,11,19,14
2
0
1,3,5
1,3,13,2
1,28,16,5
3,22
8,10,20,2
46,1,3,25,2
1,19,3,22
1,8,10,24
1,3,5,48,9,2
1,8,5
1,6,5
1,5,2
21,20
1,6,16,3,5,2,7
11,32,14
1,2
1,11,18,23
1,5
10,2
17
1,2
1
1,6,3,5
6,18,5
41,1,7
1,6,14
1,2
1,9
42,4,2
1,35,3,5,24,29,4,2
1,42,2
1,32
1,33,2
1,5
1,8,5
1,3,25,4,2
21,5,14
1,10,5
1,36,16,10,3
6,3,2
1,4
1,6,5
16,19,9
1,2
1,5,17
10,9
1,5,9
1,6,11
18,5
1,15
1,28,14
0
2
1,34,3,7
1,31,12,5,9,2
1,10,5,4
1,5,4
1,5,50,9,14,4,2
36
14,4,2
1
33
26,4
1,36,3,9,33
11,5,2,40
1,18,2
1,6,11,3,2
1,34,2
3,7
5,4,7
1,20,9
6,4
19,22
1,3,2,7
6
1,42,18,48,13,9,7
1,15,3,2
45,1,8,37,4
6,21,50,9,4
1,3
1,34,44,4
1,37,12,2
1,39,35,12,17
6,34,15,13,4,2
5
1,3,5,4,2
10,30,2
1,5,48,2
1,10,27
1,6,10,9
1
1,13,2
1
1,5,2
1,9,2
1,26,3,9,2
8,39
11,5,2
1,6
1,9,24,27,33,7
45,1,20
1,8,28,14,2
1,2
1,3
6,25,9,7,38
15
1
35,9
15,4
1,32,21,3,12,4
10,17,24
1,25,13,9
1,6,11,15,3,5,4
1,42,26,3,13
1,6,12,9,33
1,11,3
9,2
1,3,4,2
31,23
2
1,42,44,3
1,14,4,2
26,35,20,17,2
1,39,10,2
0
1,15,13,4,7
8,34,2
1,29
1,12,4
1,3,48,13
1,3,14
1,8,27,2
41,1,6,27,4
5,4,2
41,5,9
10,18,13
1,6,3,40
1,2
1,19
1,14,2
1,8,39,47,16
0
4,2
1,8
1,44,3,12
4
17,13,14,4,7
1,26
1,44,5
1,8,3,22
6
43,1
1,8,2
11,3,50,2
49,8,11,15
11,5,14
1,10
1,11,34,3,2
41,1,15,3
1,39,21,2
1,8,10,5,48
1,3,5,2,7
10,9,2
1,36,3
1,10,14,2
36,20,14,4,2
1,28
1,5,33,2,40
1,28,15,5,33,4,2
1,42,16,7
1,9,27,4
1,50,4
46,1,6,3
1,36
1,3,22
1,13
6,8,42,16,29,7
1,3
1,6,37,3
9,2
1,6,32,29,2
1,2,40
1,5,40
1,36,24
1,5,14,24
1,8,18,17,13,2
1,11,16,12,2
44,2
22,9
1,8
11,31,23,29,2
1,12,20,40
46,6,5,27
1,30,4,2,7
1,2
1,8,10,2
1,6,4
1,19,14,2,38
1,27,2
1,7
1,3,23,4,2
6,17,2
1,15,3,14
3,17
1,15,4
12,18
1,10
1,6
1,10,3,20,29
8,16,19,48,30,24
47,4
3
45,1,37,12
1,6,20,23
1,5,29
1,8
1,2
45,1,8,23,2
6,47,17
1,4,2
1,47,3,4,38
1,12,5,4
43,30,7
1,2
1,21,3,4,2,38
3,27
1,4
12,18
37,15,17,14
1,3,12
1,16
3,25
8,42,20,38
1,28,15,27,2
1,18,5,27,2,38
6,4
1,11
1,16,5
41,1,42
1,36,27,2
12,48
1,32,27,2
6,34,16,4
1,9,2
1,10,3,2
41,17,2
1,17,2
21,14,2
1,6,35,3,30,27
1
1,19,12,24,2
6,3,5
1,5
1,10,20
1
1,3
1,15,33,2
45,12,2
1,2,7
1,10,18
1,19
1,44,19
1
1,12,18,5,9,4,2
1,30,17
45,1
7
1,8,3,20,2,38
1,5
1
1,11,3,14
16
1,38
1,2
1,4
1,23
1,30
1,19,5
1,6,32,5,2
45,32,15,5,13,2,38
1,9
23,9,4
20
44,10,23,4
1,3,14,29
1,21,7
3
1,18,25,22
1,15,23,4,2
1,19,15,13,2,40
1,6,21,10,20
46,47,15
1,23,30,7
1,10,12
4
10,24,4,38
1,10,24
6,16,13,2
1,8
1,34,44,28,2
1,3
1,10,5
41,1
1,11,40
1,4
1,6,3
2
9
0
1,8,47,2
34,15,3,17,4
3,20
43,1,6,3,4,2
1,6,3,5,17,2
1,3,5,29,2
2
18
1,2
41,1,8,17,2
5,25,2
1,2
1,10,20,2
1,10
1,20
1,26,2
5,2
1,6,31,3,14,2
41,1,15,7
43,1,39,20,9
43,3,22
1,10,3,4
1,6,3,38
1,8
1,21,5,7
1,32,15
1,10,5
1,33
1,2
1,31,9,2
1,6,4,2
1,8,3
1,28,4,2
1
1,32,2
0
45,41,1,39,2
1
1,14,7
10,3
10,3,18,27,2
8,32,5
19,15
1,3,2
1,3,4
1,9
1,27,2
42,3,2,7,38
1,28,15,13,2,7
18,2
1
1,2
0
34,35,21
1,2
4
1,8,3,5
41,1,5,2
1,8
15,24
1,10
1,3,24,4
1,18,5,7
46,11,9,14
1,2
1,32,13
1,17
1,6,21,15,17,14,7
3
49,1,8,42,3
1,6,36,37,3,2
6,9,4
1,3,4,38
1,4
4
1,15,3
1,6,8,13,4,2,7
32,5,4
23
1
1,7
9,4
1
46,8,11,34,21,3,4
1,6,8,22
1,8
34,47,16,5
1,11,9,2
1
15,3,14
1,37
41,28,10,7,40
27,4,2
1,9
10,15,3,7
1,6,5,9,4
1,3
1,5,2,38
3
1,3
3,2
49,1,14,2
1,11,26,3,17
1,3,13
1,44,19,4
1,32,15,5
1,35,4,40
1,12,25,2
1,27,2
19,7
1,24
9,4
47
1,4
1,34,35,29
37,14,4
40
6,5,13,9,2
4,2
1,12,2
1
6,3
1,19,21,12,4,2
1,16,33
1,19,5,2
1,8,34,5,50
13,4
1,8
1,11,12,2
1,8,3,25,24,2
12,13,14
42,19,3,30,4
6,3,23,2
1,6,12,14,2
1,8,3,2
1,8
1,26,21,9,2
13,33,2
1,8,19,17,24,7
1,2,7
1,36,8,37,16,23,4,2
1,10,9,33
1,12,9,4
1,3,4
1,21
45,1,11,10,22,2
0
1,32,29,4,38
1,14
1,30,7
1,5,13,2
1,6,26,3,4
41,35,22,33,2
1,5,2
1,19,2
1,6,33,2
1,6,36,16,10,5
43,45,1,10,12,30
1,35,3,20,4,7
47,2
1,3
1,6,3
1,11,2
1,36,3,5
1,10,3,4
7
16,35,4,2
1,16,4
1,26,4
48,2
15,33,4
1,18
3,5
1,3
1,6,3,14,2
1,8,4,7
1,3,20,22
1,34,19,3
1,17,4,2
1,12,5,17
1,3
5,9
1,6,15,29
1
2,7
1,31
1,11,3,23,14,2
1,10
49,11,44,17,2
1,8,32,35,2
1,13,7
1,13,2
36,8
1,26,5,2,38
3,13,7
34,3
1,11,3,29,4,2
1,12,22,2
1,17,22
39
1,23,5
1,5
1,34
1,4,2
2
41,5
1,15,20,7
1,15,24
1,47
8,20,13,29,7
1,37,3,12,5,24,2
32,4,2
8
5,4
32,3,2
1,3,48,7
39,5,22,14
21,3,12,38
1,10
1,16,13,7
1,2
6,12,14
21,3,22
1,9,4
1,6,35,3,23
1,6,16,5
8
1,3
1,12,38
1,6,33
1,10
1,5,4,2,7
1,6,3
1,3
1,8,13,7
1,35,21,29
1,5,2
1,6,31
31,3,4,7
12,13,2
1,4,2
45,1,8,18,27
1,8,5,9,4
1
43,1,3,29,40
31,12,9
3,5,17,9
1,8,11,2
4
7
1,3,4
0
1,36,8,35,15,20
43,1,2
8
1,5,9
1,3,2
3,30,17,40
1,6,3,18,2
1,10,5
1,8,13,2
1,5,4,2
1,21,2
1,19,3,4
6,3,2
21,3,2
1,15,17
1,11,39,3
1,15
1,34,3,22,40
0
43,1,2
10,5,2
1,3,14,2,7
6,16,48,27,4
3,13,2
20,2,7
7
1,37,17
1,2
1,42,31,9
1,3
1,8,3,20,13,4,2,7
43
1,3,2
1
1,12
1,32
9
1,13,2
0
1,28,15,3,12,5,4,2
1,7
1,37,28,3,5,2
1,6,4,2,7
1,24,33,2
1,3,12,13,4,2
1,19,13
1,4,2,7
1,10,3,23
1
41,1,12,4,2,7
1,3,12,5
1,28,3,5
1,21
49,1,4,7
1,16,10,22
1,34,44
1,11,14
36,25,33,4,7
10,20,23
8,3,9,7
1,23,5
1,11,30,4
1,2
1
1,2
2
7
1
1,8
3
1,16,2
1,6,8,3,29,4
4,2
1,13
1
1,3,5
1,20,13,2
1,21,5,4
3,12,2
1,8,10,9,4
1,6,3,4,2
1
1,6,3,4
34,15,3
1,8,24,7
6,18
45,1,8,5,4
1,36,3
43,1,31,10
46,1,3
1,19,3
1,20,7
2
1,3,22,2
1,3,12
6,16,21,3
1
3,5,33,4
5,9,4
3
46,1,3
1,12
1,11,47,10,38
1,3
1,6,3,13,2
1,14
31,33,4
1,32,13,4
1,28,19,25,14,4
0
1,28,31,3,23,17,2
6,31,13,2,7
1,6,3,2
1,3,40
1,21,5,4
1,6,2
1,25,4,2
2
43,1
5,25
1,36,23,2
1,6,21
1,13,2
1,15
37,2
1,25,17,4,2
1,2
1,6,31,30,22,14,7
1,6,2
1,2
1,15,22,4
2
1,19,15,3,18,7
4
48
1,7
49,1,23,14
1,12
1,30,4,7
1,4,2
1,27,2
1,3,13
1
8,26,4
1,16,35,21,7
1,5,30,4
1,42,19,48
1,23,9,2
1,7
1,6,3,27,2
1,6,3,12
1,42,4,7
1,4,7
1
1,8,28,24
1,25
1
1,7
18,2
1,3
1,3
1,20,2
8,23
1,6,2
1,6,8,39,16
1,15
1,4,2,38
1,19,22,27,4,2
1,23,27,4
1
1,26,3,9,33
1,4
1,4,2,7
1,22
1,6,7
1,3
3,2
9,2
1
1,35,2,7
1,3,2
39,3
1,14
1,6,3,29,4
1,30
1,16,3,2
1,9,24
1,5,2
1,25,24,38
8,11,2
1,20
1
48
46,1,6
12,18,7
1,3,18,4
1,10,17,2
6,25
1,19,3,2
1,12,29,4,2
1,47,3,7
27,2
41,11,5,2
1,22,27,33
49,1,44,3,5,22
4,2
27
1
1,2
1,15,3
5,2
28,50,7
6,24
1,32
1,15,3,27,2
1,32,19,15,3,5
1,23,27,2
1,12
6,39,19,15,17,4,2
27,2
1,8,32,47,2
0
0
1,3,2
8,3,17,4
1,36,33,7
10,3,2
1,2
2,7,38
19,2
1,3,18,4
6,12,30,4
1,6,3
46,1,10,2
45,1
18,23,33,7
48,22,7
6
7
4
1,3
1,28,4
1,3,2
1,10,2
41,48,25,2
1
1,11,12,5,9
8,3,12,17
1,6,8,31,2
7
1,3,2
1,5,2
2
31
1,8,9
1,3
1
1,15,50
10,2
1,11,3,20,13,4
10
26,9,2
1,2
1,13
1,2,7,38
1,36,8,3,4,2
1,7
1,36
43,10,3
1,6,50,22,38
0
1,14,2,7
34,22,2
1
1,6,21,15,12,9,4,2
1,16,13,2
1,36,26
1,13,7
47,4
1,34,19,2
1,6,3,4,2
1,6,16,20
1,27
1,10,3,5,7
0
1,9,2
1,20,17
1,44,9,4,7
1,8,22,4
10,2
1,10,15,4,2
1,3,2
47
1,6
1,23,25,4,2
11
43,1,31,5,29,2
1,27
1,3,2
1,6,16,3,12,2
1,6,5,4,2
1,5,48,9,2
7
1,2
1,11,7
46,1,4,2
1,11,3
1,36,3,17
1
41,1,15
1,6
1,14,2
1,3,4,2
1,6,44,12,48,13
16,10,22,9
1,3,18
1,6,2
1,6,8,9,4,2
1,6,3,12,2
1,2,7
1,15,7
1
1,31,3,2
1,3
1
26,2
1,8,16
1,6,5,2
41,1,15,2
6,8,7
1,25,2
1,11,50,2
1,4
1
26
1,6,4
1,10,5,2
46,1,11,24,33,2,40
11,50,4
1,6,21,2
1,2
8,26,35
1,2
6,16
6,39,16,10,50
3,9,4
1,8,15,9,2
1,16
1,35,12,4,2
1,3
1,2
1,11,12,9,24
11,37,15,3,4,2
1,5,2
6,21,4
1,22,2
1,16,3,2
1,40
6,8,5
31,7
1,10,2
1,8,2
1,8,13
1
1,3,2
1,42,32,27,2
1
45,1
3,4
45,1,44,3
14
1
28,3,9,27,2
14,4,2
1,3,14
1,3,5,2
4
1,21,3,2
1,9,14
1,11,2
46,1
1,39,35,5,9,4
14,2
1,3,2
1,15,18,2,7
5,4,2,7,38
10,22,2
37,12,5,7
1,39,23,9,2
1,6,11,10,3
1,6,34,2
46,1,8,28,26,17
1,6,16,5
6,37,5
11,30,4
1,8,7
1,10,3,2
1,3,5,25,2
43,1
1,42,17
8,10,48,2,7
46
0
1,3,13,2,7
1,8
41,10,7
1,2
0
45
1,12,38
1,6,18,14,4,2
8,10,2
1,8,3,7
6,35,20,14
45,2
6,28,17,9,4
1,3,2,7
3,5,25,2
1
45,1,11,3
43,1,10
1,33
1,3,23
1,14,2
1,3,5
1,37,5,4
32,5,9,4
1,5,17,7
12,9
1,18,4
1,19,33,2
1,15
1,27
1,10
2
47,21,3,20,18,5,2
1,8,11,3,2
1,34
1,6,32,2
36,35,10,50,24,33,4
1,35,12,7
1,4,2
1,42,29,2
1,5,25
1,3,13,29,4,2,7
6,18,14,2
8,37
1,5
1,5,7
4
8,34,3,2
1
1
1,6,15,3
1,11,14
1,8,39,2
1,10,4
1,10,15,38
1,8,10,3,13,27
1,22,2
1
9,40
1,10,5,2
1,5,13
0
1,6,4,2
43,31,15,3,24,2
1,14,2
1,8,3,2
1,16,3,4,2
1,11,14,33
5,14,29,2
1,31,3,17
3,50,17,9,2
1,11,19,22,24,4
3,24,2
1,8,3
43,24,40
1
1,8,19,9,4
1,3
6,8,15,12,9,2
1
1,36,18,2
1,5,4
9,24
20
1,19,12,5,2
1,10,14,2
1,3
1,2,7
1
1,15,22
43,1,9,4
1,10,3,22
21
49,1,6,35,5,4,2
1,34,39
1,4,2
1,35
1,11,3,2
6,23,2
6
1,31,10,14
1,8,4
1,10,7
1,4
1,26,3,9,4
1,3,5,14,2
1,4
1,32,5
19,3,17,4
1,17,4
41,16,5
1,6,11,19,2
1,8,10,3,2
1,37,25
1,14,2
1,2
0
1,39,15,12,5
36,5,2
6,15,4
1,19
1,2
45,46,1,2
1,12,5,4,2
0
1,47,21,7
1,6,8,28,4
1,6,32
11,26,35,3,30
8,2,38
41,1,6,19,4
1,28
1,8,3,22,2
1,10,12
1,6,2
45,1,9
1,6,18,33,2
1,16
9,2
39,3,2
11
1,12,4
1,36,8,11,3,2
1,19,10,3,27
1,11,3,2,7,40
1,8,19,3,4
13,7
1,5,4
1,13,4
1,15,2
1
1,2
1,3,29
49,1,23,4,7
1,8,34,3,12,5,2
1,16,3
3,2
1,31
20,18,2,7
1,3,29
3,22
10,3,20,5
1,8,44,9,2
1,6,3,5,22,7
1,8,3
1,3,25
1,5,22,27,2,7
11,10
1,13,4,2
3
6,26,31,2
1,44,5,2,38
1,2
1,8,30
43,1,8,11,20,18,9,14,2
1,6,25,24,2,7
1,5
39,30,4
1,6,8
45,1,23
1,20,5,40
1,2,7
1,6,7
1,8,39,26,21,3,7
1,5,14
1,8,27,33,2
1,4
1,37
11,31,13,4
1,16,15,4
1,3,25,7
11,39,10,3,2
2
1,2
9
18,7
1,3,5
43,45,1,6,33,7
1,8,11
1,4,38
1,6,19
34
1,6,31,19,10,3,2
1,11
8,19,2
1,19,2
1,6
46,3,4
1,3,4
37,3
11,5,2
7
1
1,34
2
1
1,31,33,2
1,44,22,24
1,11,12,5,2
1,18,4
1,2,40
1,13
1
31,3,17
29
1,18
1,9
6,8,27
47,5
1,12,24,7
1,4
1,24
0
23
46,13,4
1,6,11,34,50,30,29
1,28,26,4,2,7
1,4,2
1,8,9,2
1,47,5,2
1,36,9,4
1,16,15,2
1,47,5,22,2
43,1,4
1,12,4
1,4
1,6
1,11,12,13
6,8,47,21,12
1,28
31
1,15,14
1,11,30
1,2
1,19,4,38
8,2
1,3
6,11,2
23,2
1,6,15,2
1,27,40
17
4
41,1,3,2,38
1,28,16,21
2
1,3,27
1
0
20,4
1,37,26
1,8,16,2
1,6,2
14,2
1,12,48,40
15,3,18,9
3
1,11,3
1,6,19,15
8,35,10,3,25
6,3,20,18,9,2
1,32
1,35,9,2
6,3
41,3,18,22,7
1,10,9
1,32,18
1,8,15,3,14,4
1,34,3,25,14
1,5
1,6,2
1,47
1,6,4,2
1,33,2
1,26,31,3,2
1
1,4
1,26,27,2
44,22,4
1,50,25,22,29,2
26,4,2
23,4
1,31
2,7
1,15,5,2,7
5,2
1,6,15,20,23,4
1,3,2
1,8,34,3,9
1,6
1
45,1,5,7
1,17,4
1,3,5,2
6,28,14
49,1,36,12,17,4
1,3,22
1,8,2
5
1,42,21,2
1,42,3,25,2,7
1,2
0
2
16,10
1,3,2
1,11
43,19,10,3,9,2,7
1,8,3,2
1,3,48
1,5,14,4,7
1,18,2
1,34,15,13,29
1,3,9
1,7
1,5,2,40
1,28,31,4
1,3
1,3,27
49,1
5,25
1,12,5,2
1,34
46,1,11,34,31
1,32,5,4
1,10,4,2
4,2
1,19,21,13,2
1,16
1,11
42,3
1,8,3,25
1
26,3,9,27
1,16
5,4
1,19,2
1,8,23,2
25,29
41,3,2
1,11,28,16,27,2
1,5,7
1,25
50
1,6,5
0
5,27
23,2
1,50,4,2
1,6,3,18,5,22,9
6,12,4,2,7
43,1
1,14
1,8,20,5,14,2
1,16,3,5,2
1,11,26,10,3
1,32,2
1,38
1,3,2,7
14
1,42,28,16
1,25,2
1,10,12,24
1,3,20,2
0
1,2
46,1,3,12
1,21,5
1,6,40
9,2,38
3,2
1,4
45,46
1,14,4
1,6
1,23
1,8,11
19,3,4
1,14
45,1,4,2,7
3,13
1,27,4
43,1,3,13,27,4,2
1
2,7
3,9,7
1
1,24
15,17,13,14
41,1,2
1,11,2
1,5,2,7
1,3,5,9,2
1
49,1,4
1
41,5
16,18,17,2
1,9
12
1,8,24,2
1,50,2
1,5,17,29
1,3
1,3,12,2
1,18,13
6,9
1,8,47,3,5,2
1,11,10,38
25,2
1,3,20,14,4,2,7
1,10,4
1,8,5,9
3,2
3
1
1,47,35,4,2
1,25,9
9,7
1,15,5,2
1,28,4
47,19,13,9,2
1,6
1,8,26,31,9
1,9,2
1,21,14,2
1,21,10,15,33
1,5,2
1,31
45,1,3
1
1,18,2
32,19,3
26,40
1,22,14,4
1,10,9,4,2
47,23,22
1,3,20
0
45,1,3
43,1
1,22,4
6,32,3,4,2
1,10,20,9
1,6,19,2
46,1,10
1,37
15,3,29
3,5
28,7
1
1,6,4
1,6,3,18,13,27,2,38
1,37,19,10,15
1,8
11,16,9
1,21,2
1
1,29,2
1,44,3,2
1
1,6,25,2,7
1,15,3,4
1,35,10,14
1,6,8,15,3,12,25,9,14,2
1,36,8,3
1,7
1,3
1,3,5
1,13
11,30,13,2
1,25,2
1,10,30,13,7
1,6,3
1,5,14
1,28,5
1,3,7
6,5,25
1,12,9
1,6,16,15,22,14
1,15,13,7
16,10,7
27,2
1,6,3,20
1,28,5
41,1,15,4
1,4
1,11,39,42,3,18,2
1,18,5,50,29,2,7
1,3,9,14,24
1
1,6,5
1,9
1,19,7
1,5
5
1,5,2
1,29,2
18,2
1,8,16,7
1,3,4
1,8,21,2
0
1,3,5,14,27,7
1,6,10,23,29
1,3,2,7
1,6,3
15,4
3,2
1,11,32,16,15,2
1,8,5,2
1,3,4,7
35,22,33,4
46,1,12,22,4
1,19,2
1,26,7
1,31,15
46,44,47,19,5,25
1,6,3,5,33,7
26,3,2
1
1,11,19,5,14,29,40
3,2
3,25,2
15,30
1,2
49,26,35,12
1,6
20,13,2
41,1,9
1,23,5
18,9,2
1,15,5,2
1,6,27,2
7
1,19,3,4
1,42,24,2,40
1,12,2
1,3,33
1,5,2,7
1,37,3
23,2
9,4,2
1,11,17,7
1,6,2
1,8,5,2
13
45,47,4
1,33,2
1,32
1,5,2
1,2
43,41,1,10,18,5,2
26,16
1,11,9,27
42,5,50,25,17,4,2
18,50,2,40
1,8
3,12,5
1,6,8,28,4,7
1,26,3
1,8,31,10,4
1,21,2
1
1,4,2
6,31
22,2
1,3,5,4,2
1,21,10,7
1,36,4
3
1,34,5
1,6,5
1,34,42,3,5,13,9,4
43,1,11,3,12,33,2,7
1,12,7
1,10,2
4
1,21,10,15,2
1,3
1,8,16,2
1,6,11,10,20
1,35,5
1,39,16
1,44,14,2
1,12,5,2
1,13,2
1,36,35
1,6,26,3,24,4,2
1
15,4
1,26,12,20,5,4,7
1,6,10,15,22
3,2
1,23
1,28,3,18,2
1,34,4
8
1
1,26,22
21,2
1,5,4
1,33
1,8,35,5,4
1,11,2
1,8,20
1,6,14,2
6,25,2
1,11,21,5,4
1,6,5,2,7
1,20,9,29,4
1,4,2
45,31,10,14,2,40
3,9,14,38
2
1,36,7
1,39,4
1,21,2,7
1,19,10,30,14,33,4
4,2
1,6,21,9
1,3,30
1,6,23,33
6,39,9
1,37,5,2
1,10,3
9,4
1,8,33,7
1,6,8,3,4
19
3,12
31
8,13,33
37,26
1,8,50
21,5,4,2
1,8,11,2
1,37
43,1,35,22
1,20,5,7
1,3,4
3
5
1,6,3,5,24,4
1,12,9,4,2
22,4
1
7
12,25,2
48,25,9,2
1,11,9
1,27,2
1,6,25,30,2,7
1,33
1,32,14,40
1,11,19,2
1,6,5,4,2
1,3,17
1,13,7
1,14
1
1,8,3
5,13,2
1,19,2
1,3,5,33,2,38
1,7
1,29,4
10,3
6,15,3,18,2
1,10,3,4
3
1
1,5,24,2
1,2
41,5,27,4,2,7
1,6,8,3,12,4
6,4
1,8,4
1,8,16
1
8,30,33,4,7
1,5
6,15,5
1,4,2
1,16,33,2
1,33,4,2
47,10
1,5,17
1,6
1,3
41,1,6
1,6,2
49,1,39,3,9
12,7
1,35,2
1,48,4,2
0
1,10,24,2
1,3,50,2
1,31,3,14
46,6,8,12
1,10,20,13,9,2
1,8,37,15,2
1,6,27
15,3,33
1,6
1
1,21,14,2
3,5
1
5,24,2
1
1,28,9
3,2
43,1
0
1,2
1,8,5,50,30,29,2
1,16,3,4,2
1
6,32,13,9,2,7
1,5,2
1,10,13
1,19,3,25,13,9
1,9,2
1,19,5
1,3,30,33,2
1,31,10,18,4
49,1,4,2
6,19,10
1,26,18,17,2
1,3,5
8,2
1,6,28,3
1,37,14,4,40
8,26,23,17
3
1,18,13,2
46,1,6,35,18
1,47,31,5,40
1,12,23
11
10,3,17
1,4
49,6,36
3,25,27,40
2
1,34,9
2
1,3
2
1,21,5,7
18,2
3,9,40
1,5,2,7
1,48
1,3,50
5,2
1,44,10,2
1,3
3,2,7
16,5
5,2
39,42
1,2
1,10,3
1,3,4,2
1,11,3
2
1,8,3
1,3
1,6,39,18,29
1,8,26,16,3,9
1,3
1,12,2,7
41,6,37,31
1,16,3,20,22,2
1,6,2
9,4,2
5,2
1,6,2
14
1
3,5,14
2
46,1,21,3,14,4
0
1,29,4
49,1,48,2
1,2
4,7
1,7
3,17
2
11,10
1,3,4,2
1,6,8,37
41,12,4
0
1,5,30,2
1,8,3,5,24,4
7
0
1
1,42,3,4
1,13,2
1,6,28
43,1,11,14,2
1,3,13,2
1,42,29,2
16,20
1,3,4
1,29
31,5,25,4
1,21,22
1,10,14
41,1,6,32,16,30,9,4
1,4,2
1,4,2
8
1,31,3,4
1,6,24,2
1,10,5
1,39,2
46,1,7
45,1
1,18,2
1,44,26,2
1,24,4,2,7
1,22,14,2
6,14
10,27,2
1
8,26,9
1,6,20,5,50,9
46,1,16,19,2,7
16,3
1,42,16,4
1,12
1,6,11,28,21,3,2,7
1,3,23
0
1,6,28,35,2
1,9
1,3,2,7
15,13,2
34,25
4
1,3,4
1,8,35,2
1,15,3
1,19,3,13,40
1,14,2
11,3
1,10,30,4,2,7
1,5
26,20,2
1,11,35,13,24
1,6,8,15,17
1,3,13,2
6,5,30
41,6,18,23,4,2
1,11,17,9,33
5,13,27,4,2
1,35
1,13,7
1,4
1,9
1,39
14,2
1,11,2
6,2
0
1,4
45,3,5
1,3,9,2
1,3,7
1,3,25,27
4,2,7
43,1,10,2
46,1,6,8,10,2
19,3
6,3
15,3,5
1,36,19,25
49,1,4
0
1,9
28,3,5,13,2
1,6,14,7
1
47
1,4
1,9,4,7
1,3,4,2,38
1
1,2
1,24,4,7
2
1,6,22,4
1,36,8,31,20,5,25,2
1,10
41,1,10,3,14
1,28,2
1,18,29
5
1,3
1,9,2
1,3,17
39,20,13,9,2
1,8
10
13
1,22,14,38
1,22
2
1
2,7
1,20,17
1,44,23,2
6,7
1,3,27
35,2
3,18,4
1,4,2
1,4
4
1,5,30
1,6,10,23,7
43,45,49,1,5,13,9,4
1,3,20,7
41,46,1,11,19,2
1,32,26,10,5,2
26,2,7
26,13,7,38
41,1,48,2
10,3
15,27
1,2
1,8,3,9,27,2
43,1,15,20,5,25,2
1,3,4,2
45,1
1,6,17,4,7
1
1,2
49,1,2
1,36,2
1,37,21,20,7
1,3,24
1,17,4
11
1,6
1,6,8,28,2
1,19,30
1,8,19,4,2
11,9,2
1,4,2
1,2
1,6,18,27,29,2
1,8,11,39
1,35,14
41,1,5,2
1,6,5,33,7
31,10,27,2
6,11,3
1,5,4
1
1,4
1,5,2
1,15,4,2,7
1,6,3,12,22,7
1
1,6,9,2
1,3,48
1,19,4
1,37,16,3,22,24
1,23,4,7
1,6,3
1,26
1,3
1,10,7
1,3,5,24
1,28,38
1,10,3
1,19,25,2
45,19,40
1,26,27
1,17,2
1,44,14,2
45,11,35,3,9
30,4,7
43,7
1,6,16,2
1,3,12,4,2
1,16,3,40
11,23,4,2
1,8,15,27,2
1,15,3
41,6,20,2,38
1,3,13,7
1,44,18,2
1,7
3,2
1,7
1,8,3,7
1
1,8,47,3
1,18,40
1
1,5,9,2
38
35
1,21
45,1,8,2
3,2
1,21,3,23,2
6,2
1,5,14
1,19
43,1,3,23,2
1,7
1,21,15
1,28,5
1,19,10
0
1,8,32
3
41,46,1,44,10,3,2
9
1,37,3,5
1,35,5,2
1
1,3,18,5,2
1,3
1
1,6,10,24
1,3,2
1,20
21
6,3,5,14,29
1,11,29,2
1,10
1,20,4,2
1,15,50,33,7
10,2
0
1,2
1
3,25,2,38
2
1,6,3
49,5,2
22,7
1,34,39,5,13,4
1,28
1,8,4
1,6,44,3,30,9,4
41,1,27,4,2
1,3,2
47,5
1,21,9,24,27,4
1,10,15,5,9,2
1,3
1,4,2
1,44,16,3,29
1
4,2
1,8,2
1,29,2
1,8,31,10,3,5,2
12
34,5,4,2
8,18,5
1,3,4
1,6,10,3,5,2,38
21,5
1,18,14,2
8,3,13,9
1,4
3,22,7
1,8,26,2
1
1,28,25,30
1,5,4,2
1,21,5,2,7
1,2
1,23
1,37,3,4
0
1,8,3,4
5,4,7
2
1,31,2
45,1,11,12,7
35,24,4,2,7
1
1,32,31,10,5,2
1,3,5
1,3,18,9
1,6,5
1,11,2,7
46,1,19
27
1
1,6,8,20,5,2
5,9,4
1,19
1,2
1,3,2
20,5
26
46,1,19,10,3,13,2
1,26,5,7
1,37,22
1,6,20,4
1
1,16,17,2
1,31
1
1,2
1,12,5
1,44,17,2
1,4,2
1
1,23,4,2
1,6,16,3
13
1,48,4
1,16,2
1,15,30,2
1,6,18
4,2
1,2,7
6,36,8,3,5
49,1,6,3,12,20,13,4
47,26,48,13
1,4
20,14,7
1,6,8,14
10,7
8
1,44
1,34,3,12,38
46,1,2
3
47
6,7
1
1
8,7
1,26,9,2
1,34,10,13
1,3
1,13
46,1,3,14,2
1,15,3,12,25
1,8,10,2
1,10
1,2
16,4
5,2
30
1
1,9,4
11,16,29
1,8,3,14
1,28,35,4
7
1,31,2
0
31
1,8
1
1,15,3
1,12,22,2
46,1,6,30,2
1,15
1,35,3,4
1,2
1,20
1,6,12,4
45,1,47,26,10,2,7
1,6,8,31,3,13,4,2
21,20
1,19,13
1,19,50,4,40
11,3,5
1,4
21,10,27
1,3,33,2
6
6,3,17,2
1,39,3,5,2
49,1,8,26,4
1,2
46,1,10,23
10,2
1,20,2
1,8,39,3,7
1,6,13,2
0
45,3
1,6,2
1,6,3,17,4
1,6,12
1
6,10,5,24,2
1,4,2,38
1,3,14,4
1,10,3
1,3,20
11,35,10,9
1,35,4
1,34,10,3
3,20
1,5,9,2
1,31,5,29
1,31,50
5,2
1,36
2
1,4
3,12,2
1,6,13,14,38
1,28,3,17,2
1,9,2
1,21
32,19,20,4,7
1,6,2
1,23
48,14
1,6,30
1,11
1
1,8,26,5
3,12,5,29
1,6,20,48
36,4
1,8,12
1,10
1,39,3,20,2,7
1,32,3,30
50,30,13
6,31,7
1,2
1,22
15,20
1,4
1,29
1,16,10,5,9,4
1,26,19,21,3,2
1,6,12
41,1,6
28
1,25,4
1,28,2
24,2
47,4
1,9,14
1,8,47
10
1,8,4,2
8,47,2
1,37
2
6
1,38,40
1,10,3,5,2
1,6
1,21,5
11,31,23,2
1,2
3,33
1,37,17,4
1,21,10,4
1,5,9,14,2
1,10,3,27,2,7
1,3
1,3,17,2
1,18,27
1,6,5
1,15
1,6,10,9,4
4
1,6,11,3,14
6,21,3,14,2
1,28
4
8,5
1,10,15
0
1,3,2
1,6,24,4
6,8,33,4,2
1,6,14,4,2
1,20
5,2
1,44,16,3,23,22
3,25
1,6,16,15,9,14,40
1,6,12,2
1,42,4,2
1,3,5,9
1,5
1,6,2
2
41,1,11,20,5,2
3,13
1,39,10,2
1,3,5,29
10,4
8,3,14
1,34,30
1,36,5,50,33
1,11,5,14
32,26,20,2
1,26,20,29
34,16,10,18,14,4
1,18,33,4
1,37,5,7
1,34,21,7
1,4,2
1,15,12,2
11,3
46,5
31,9
2
1,36,3,4,2
2
1,8,44,19
1,34,29,4
1,6,11,19,3,4
1,32,3,7
20,2
6,10,18,14,27,2
49,1,12
7
1,2
1,50,29,7
1,16,21,5
30
1,10,3,20
6,18,33,2
1,6,21,2
1,6
1,11,4,2
1,26,16,3,2,40
1,3,17,2,40
1,10,2
2
1,26
1,3,50,17,9,4
1,8
1,23,5,14,2
10,5
1,8,5
8,42,30,9,38
43,19,12,25,4
1,11,44,31,12
1,50
1,8,38
1,16,35,27,2
0
1,15,5,17,27
1,11,19,7
1,27
1,3,30
1,3,22,7
6,22,14,2
1,8,23,9
1,23,14,24,2
1,3
2
1,8,5,4,2
1,22
6,17,13,14
1,6,23,38
1,6,28,3
1,36,20,2
1,7
49,1,6,9
1,3,4
10,20,4,2
8,21,18,5,14,2
1,6,19,21,2
13,2
42,5,4,2
1,36,10,33
16,3,18,5,2
1,21,12,18
1,6,35,3,48
1,18,7,40
1,19,4
6,11,7
1,6
0
16,4,2
8,9
31,4
1,6,3
1,44,12,13,4
19,18,2,7
12
1,3,23,38
1,6,12,5
1,11,15,12
1,6,30,22,2,7
1,10,13
0
1,32,2
13
1,16,4
45,1,8,2
1,34,27,2
1,34,37
1,5,9,2
6,12,18,4
19,20,5,22,2,7
1,6,2
1,2
1,15
2
1,8,18
3,30,4
1,26,3
1
45,1
1,8,26,2
1,21,13,14,24
1
43,1,19,3,4
1,36,10,25
36,14,7
1,14,2
1,19,2
1,2
1,6,17,40
1,31,4
1,17
1,21,10,15,9
36,9,7
1,11,25,17,22,9,2
8,16,19
0
1,3,4
2,7
46,1,8,11
1,31,13,14
1,37,3,25,9,4,7
11,22
1,36,34,17,13,4
1,24
1,3,2
1,6,2
4,2
46,23
1,3,4
1,3,27
21
1,8,16,20
42,37,3,2
1,8,50,2
1,6,11,20,4
1
3,13,2
1,47,3,2
1,14
43,1,5,4
8,39,9,4,7
11,16,12,5,2
37,35,7
1,6,16,10,2
8,19,12
45,1,3,25,2
1,5,7
1,8,16,2,7
1,11,39,16,2
8,3
2
1,6,16,15,27,2
33
43,46,1,3,12
1,7
1,2,7
6,7
3,4,2
1,39,31,16
5
41,8,19,4
44
1,8,25,4
1,2
1,11,3,2
1
49,1,8,12,13,9
1,35,18,7
1,3,2,7
1,4,2
1,5
47,37,14,2
1,28,18,4,2
3
1,19,3,13,2
6,8
6,50,33,2
31,3,25
6,26,3,2
2
1,40
1,17
1,21,5,2
1,15,13,2
1,19,18,9
6,15,3,23,7
1,34,2
28,10,3
1,2
1,3,4,2
18,2
1,16,3,12,23
1,8,16,3,5,7
14
1,15
1,11
1,8,9,7
1,6,8
2
31,2
36,31,4,2
1,44,3,18,4
1,12,2
1,12,24,2
46,30,13,2
1,12
1,9,4
1,26,3,4,2,7
1,6,26,22
45,1,32,10,3,12
1,11,47,31,2
1,6
3,12
1,10,3,4
1,4
1,20
1,6,3,5
16,3,4
2
1,11,25
1,6,3,5,9
43,19,7
13,2
1,11,37,4,2
1,11,9
1,39,5
1
1,12,13
1,13,9
1,44,15,17,7
1,3,5,4,7
49,1,4,2,7
1,3
1,42,7
1,29,2
1,3
19,3,2
0
39,24
1,3,4
1,19,3,9
8,12
41,8,10
10,13,4
45,1,6
1,34,35,3,13,4,2,7
42,3,9,4
1,31,5
43,33,7
1,6,44,2,38
16,2
1,3,2
1,11,2
13,2
31,3,17,2,7
1,8,29
23,4,2
1,6,44,20,2,7
1,5,22
11,13,24,4
1,2
1,8,4,2
35,3,13,9,27
1,6,3,2
1,6,18
1,7
1,21,2
1
1,6,15,18
1,15,9,24
1
1,15,17
41,1,6,8,20
49,4
11,24
1,3,5,13,38
1,8,28,5
43,1,8,2
43,3,2
1,6,21,13,33
1,11,4
1,3,25,13,2
1,21,3,20
45,1,37,29
41,1
26,10,24
2
1,8,2
37,35,21
2
1
1,32,3,5,24
3
1,3,48,9,4
1
1,8,5,2
1
1,25
1,11,3,4
1,3
45,1,48,25,14
45,3,24
1,21,2
3,13
1,34,3,22
1,6,39,10,23,27
1
1,19
1,34,3,2
6,3,9,33,2,40
1,3,2
1,8,4,2
3,5
2
8,2
1,6,10,3,5,2
10,5
28,9
12,33
1,11,16,5,25
1,3,24
1,4,7
0
39,9,14
6,3,2
1,3,2
1,47,16,2
1,39,26,30,33,2,38
1,4
5,4
2
1,8,23,14
1,8,26,20
10,20,4
41,16,17
1,3,5,48
1,3,4,2
1,27
3,24
17
1,6,37,15,18
1,5,17,9
1,11,5,30,33,4
1,42,20,13
39,25,14
1,11,3,12,5
6,12
1,28
1,3,5,9,2
1,3,17,2
45,1,5,2
31,35,10,13
1,6,10,4,2,7,38
1,32,3
49,1,8,2
1,3,12
1,6,28,12
1,11,32,3,9
1,32,10,3,2
1,7
6,4
1
7
28,26,21,4,2
3,9
1,3,5,2
1,19,3
10,3,13,9
1,16,12,20,48
1,37
9
1,3,4,2
3,13,2,40
37,20,4
1,28,14
1,10,15
1,28,2
3,13,9
1,5
48,13
1,34
28,10,50,2
1,6,14,7
1,35,20,14,4
1,42
5
6,8,31,17,38
1,15,2
1,8,19,3,2
1,39,2
1,19,2
1,6
1,10,3,5
26,13
1,3,30,33,2
6,2,40
1
1,6
1,5
1,2
1,31,19,18
3,20
1,26,23,4,2
1,8,14,2,7
1,14,7
1,11,5,14,27,2
49,46,1,32
1,3,30
1,18,2
8,14,2
1
30,13
5,30
1,8,27,4
1,3,2
41,1,36,8,31,3,5
1,3
1,29
6,15
1,3,50,14,29,38
1,8,3
8
8,42,22
1,9
1,42,2,7
10,3,27,7
6,15,9,4
1,2
1,6,11
1,4
1,8,3,5
1,20
0
1
1,6,5,4,7
1,23,4,2
1,14
35
1,8,21,24,4,2
1,32,22
1,8,12,7
41,20,25,13,2
1,15
6,4
1,10,4
1,8,2
1,16,21,3,14,24,29,2
1
1,6,11,35,12
5
1,8
1,2
1,6
1,33,2,7
49,1,48,2
1,10,3,2
1,12
1,28
1,39,28,3,9
15
11,2
3,23
1,15,5,48,2
1,5
1,11
1,8,22,9
1,3,5,2
36,20,5,9,4,7
1,24,4
1,31,5
1,7
6,28,3,2
1,3,7
41,3
5
30,2
19,9,2
1
1,19,15,3,2
1,16,3,2
24,7
46,1,9
1,21,50,13,2
49,3,4,2
1,6,3,4
1,6,5,2
1,23,2
1,16
46,1,6,28,3
1,6,8,18
1,34,28,12
6,5,25
1,31,3,5
1,47,5,9,2
1,13
1,37,2
1,12,4
45,1,7
26,19,5,4,2
1,44,3,27,4
17,14,4,2
1,5,2
8,39,10
1,6,4
1,23,2
1,5,9
0
1,39,42,3,14,33,7
1,21,3,22,9,27
1,12,14
2
1,5
1,20,50,4,2
16
1,8,23,4
1,15
6,34,19,7
0
1,3,4
1,29
1,3,24,4
1,13,29,4
8,9
1,9
1,4,2
16,18,5
16,5,33,7
1,28
1,5,17,9,38
1,8,11,3,12,4,2
11,13,2
34,28,3,2
1,6,3,18
46,1,5,2,7
1,11,21,5,2
1,2
1,39,3,5
1,12,2
1,15,12,2
1
3
1,44,21,13,9,2
8,3
1,6,9,7
3,7
1,3,25
1,32,10,18,5,22,2
1,10,12,40
1,6,19
1,9,4,7
45,1,8,16,48,14
1,21,30,2
1,15,3,40
1,11,15,14
1
1,6,2
1,7
1,21
1,6,14
1,10,3
1,6
1,10,2
1,36,11,15,3,9,4,7,40
1,19
1,35,3,23
1,8,5,14,4,2,7
1,2,7
7
1,12
1,3,2,7
8,2
1,8,5,4
3,5,30
6,39,20,2
1,18
1,47,16,22,2
6,10,30
1,44,22,13,2
1,37
1,36,48,2
2
1,6,2
1,14,2
1,4
5
1,8,38
1,36,3,4
5,2
1
1,19,18,22
11,23,9
1,34,40
1
1,6,7
1,17,2
1
1
1,6,10,15,18,4,2,7
1,5
31,21,5,17,4,2,7
1,26
41,1,50
1,11
1,13
1,7
1,20
8,2
1,13,29,2
1
1,6,16,15,3,33,2
43,1,4,7
1,11,48,4
1
1,8,3,4,2
1,6,8,15
1,35
1,6,11,9,33
1,15,4
39,5,2
1,39,10,13,27,2
1,39,28,2,7
1,12,2
1,8,22,2
1,21
3,25,29,2
1,39,29
6,27,4,2,7
1,9
6,8,3,25
1,36,22,4,2
6,17,27,2,7
3,13
1,2
1,10,12,33
3,2
1,34,37,3,7
3
1,42,30
43,3,2
1,5,48,9,2
1,17
1,3,5
9,7
1,12,5
1,12,2
1
31,5
1
1,12,13,2
3,25,2,38
1,11
45,9
1,18
6,22,9,4
1,10,5
45,1
1,35,5
6,39,15,7
45,3,20
1,28,17,4,2
6,5,2
11,21,4,2
43,42,3,5,13
1,8,16,3,5
3,7
1,6,5,13,4
1,5,2
6,10,7
1
1,6,3,9,7
3,7
1,3
43,21,15,2
47,10,14
18,2
49
45,21,5,4
1
41,33
1,6,5,13,2
1,37,2
1
21,7
1,5
1,3,29,4,2
1,50,22,33
1,12
15,3
5
1,39,20,13
1,17,27,4
1,8
49,1,3,5,9,2
1,3,30,4
1,30,9
1,21,9
1,6,3,5,2,40
1,8,3,18,27,2
34,37,31,16,17,22,7
11,3,2,7
1,6,26,10,7
11,2
1,6,24
16,21,2
1
1,10,3,7
9,4
1,19,17
1,3,9
1,21,10,22,2
1,8,35,3,48
1,6,3
6,31,20,23,4,7
1,6,2
1,5,2
1,14,2
3,5,4
1,29
1,12,27
1,3,2,7
1,12,2
41,1,18,9
1,20,4
1,6,2
1,44,4,38
1,11,3,12
49,2
1,2
1,16,5,4
2
1,14,2
1,3,4
1,8,18
8,47,28,4
1,25,2
8,13
6,2
21,2
1,3,2,7
1,2
1,6,21,2
11,26,19,3,24
1,26,5
1,8,3,18,2
1
1,12
11
1,37,3
1,25,14,2
1,8
43,46,1,6,34,42,12
6
6
1,24
2
1,3
1
1,6,3,14,2,7
1,29,38
1,2
1,17,2
1,3,25,14,2
1,11
1,12,7
6,3,25,17,13
21,12,5
43,1,4,2
1,26
1,3,12,40
0
1
1,6,39,19,20
43,1,11,12
47
1,32,4
11,5,2,40
1,47,16,3,4
1,10,4,2,40
43,1,17,2
45,35,23
1,2
1,3,2
0
5,24,27
1,6,15,4,7
1,4,2
31
4,2
1,6,10,20,17,4
1,8,15,4
19,33
1,11,31,4
11,3,13
1,3,30,4,2
1
1,6,3
6,8,26,12,2,7
1,8,3,13,7
1,8,30
13,14
1,6
1,11,16,19
1,44,2
1,6
1,3,5,17,13,4
34,22
1,37,20,2
1
3,12,5,38
1,6,3,29,33,4,2
1,35
1,5
1,6
1,36,12,30,9,4
1,47,10,5,14,38
1,11,4
1,42,3,5,24,33
0
35
1,3,25,9
1,6,47,2,38
46,1,19,10
1
1,5,2
1,10,24,2
1,6,8,3,18,2
1,26,5
1,6,8,24,27,2
3,4
6,8,18,22,2
6,28,16,10,3
11,21
28,3,20,9,27,2
44,26,3,12,48
45,1,3,25,17,14,4
1,44,21,10,5,13,24,29
1,47,3,4
42,3,2
3,12,5,2
1
1,16,21,3,2
31,7
1,6,7
1,15,9,2
1,24
6,23
1,23
5
49,1,6,11
1,6,50
1,6,3,50,2
1,32,31,4
17
43,1,10,5,2,7
1,23,40
1,12,30,4,2
1,5,4,7
6,13,4
1,25,29
1,5
1,22,4
1,31,35,2
1,11,4,2
1,37,28,14
1,21,2
1,10,3,5
1
8,15,5
1
1,3,13,29,2
1,34,32,16,3,4
1,48,2
19,3
1,4
1
32,5
0
4,2
1,3,27,2
11,3,22
1,26,3,2
1,6,34,2
36,22
43,1,14,2
1,3,5
4
10,20,18
1,8,44,14,2
1,10,30,7
41,1,33
11,50,2
1,8,25,33,2,40
42,44,19,21,20,13
2
1,10,3,17,29,33
6,10,14,2
45,5,2
1,3,2
1,35,5,22,2
1,6
1,3,20,25,17
1,12,13,4,2
8,18,5,14,4,2
6,3,12,24,4,40
1,11,35,21,3,4,2,40
1,6,5,7
1
43,1,8,3,20,23,22,7
1
1,2,7
1,2
49,1,21
1,9
1,15,3,2,7,40
1,8,5
1,16,19,2
8,2
5,22,4
41,1,8,3,38
1,8,14
6,42,16
19,5,4,2
35,3,5,7
18,2
1,3,2,7
1,3,5,17,14,7
6,16,22
1,37,3,2,38
3,4,7
1,18,2
6,28,5
1,3,2
22,2
4
1,8,50,25,30,4,2
1,3,2
1,10
1,11,37,26
1,28,3,12,4,2
49,1,6,2
43,1,5,38
11,44,37,20,5,9,4,2
1,26,3,4
10,20
32,15,13
1,3
1,31,13,14
1,10,3,4,2
1,2
43,1,3,5
1,30,9,2,7
1,17,2
26,5
1,47,12,7
1,16
1,34,37,12,33
1,3
48,22,4
1,42,50
50,2
11,27,4,2
1,16,3,23,24
1,11,3,22,7
1,42,3,4,2
1,17
6
1,6,32
6,3,2
41,1,19,3,9
1
1,34,14,2
1,21,2
1,21,3,18,2
17,2
3,12,33,2,7
15,4,40
1
1,11,19,35,2
1,2
1,5
1,6,2
34,2
1,23,30
26,3,2
8,5,7
1,17
41,1,24
13,2
1,5,4
24,33,4,2
1,3,5,13,4,2
1,10,3,4,2
10
1
1,8,19
1,6,21
23,30
1,19,25
31
1,11,19,3,27,2
9
1,8,3,5,17,4
1,34,3
1,6
1,3,4
1,6,4
1,50,27
45
1,36,3,9
39,2
1
43,6,3
37,35,3,2
37,4
1,24,29,2
1,12
1,8,3
11
1
1,22,14
1,2
1,34,37,26,3,5,17,27,2
0
45,1,21,5,2
1,2
1,36,11,26,12
1
1,32,16
1,2
43,11,28,5,7
1,3,14,4,2
1,15,13,9,40
6,26,4
1,44,20,5,4
6,3,9,2,7
41,1,3
2,7
37,3,13,27
1,6,12,13,14,2,7
0
1,5,9,24
1,6,4,2,7
6,26,4,2
1,8,4,2
0
1,2
4
1,3,2
18
1,11,3,12,5,29
1,6
1,18
1,44
1
19,21,9
1,6,36,24,2,7
1,11,3,5
1,9,24,2
2
1,10,23,2
1,2
1,6,22
1,11,4,2
1,31,2
1
6,26,5,4,2
6,17,29,4
1,11,18,7
1,4,7
1,2
1,17,9,7
1,7
1,16,12,48,4,2,7
9,2
31,5,9
1,28,3
1,8
45,1
0
1,31,17,2
1,32,3
41,14,2
1,18,2
12
1,4,2
1,2
8,2
3,5,29,2,38
1,16,19,21,2
1,25,17
1,3,4
25
3,4,2
26,10,3
1,2
1,37,29
0
8,5
2
1,34,44,14
41,1,5,14,33
1,23,2
1,28,23
1,42,15,9,2
1
1,6,2
6,42,10,3,2
1,12,24,2
1,9
1,50,4
8,2
1,6
20,4,2,7
1,6,19,10,22
1,37,5,4
12,5,13,2
1,42,21,3,2,7
1,26,17
1,5
1,3
1,6,32,3,48
1,7
6,18,24
39
1,3,9
1,13,4,2
1
1,3,2
28,14,2
1,5,2
15,3,18,5
1,3
19,21,10,3,23
45,1,6,8,14,2
10,5
1,19,15,3,12,4
6,3,4,2
1,16,17,9,4,2,7
1,21
1,28,9,4,2
1,5,4,2,7
46,1,6,2
23
1,7
1
0
1,17,2
1,12,2
1,19,5,9
1,8,9,7
1,3,18,2
1,8,32,2
5,9,27
1,2
10,3,2
41,1,39,2
1,6,11,15,3,7
28,2,7
2
1,6,16,3
3,2
46,1
1,50
5,2
22,4
1
1,26,3,2
1,5,14
1,11,28,3
1,44,3,5,2
3,17,24,4
8,5,29,4,2
1,3,12,24
20
43,1,10,14
43,1,17,2
1,3
21,3,14,4
1,18
1,28,3,18
1,4
1,34,5
42,12,5,9
1,36,12,5
1,8,10,12,18,2
1,3,2
45,15
0
0
1,35,10,15,3,2
1,23,2
10,15,23
5
1,15,25
9,2
1,6,18,9
1,16,9,7
1,3,12,25,2
1,19,15
1,4
1,6,8,2
1,6,3,20
1,11
5,30
41,1,32,7
1
1,6,3,2,7
1,5,24,2
16,5
8,11,12,17
43,1,6,3,9
1,14,2
1,34,19,3,25,2
1,32,3,5,14
1,5,2
0
1,34,2
1,3,4,2
4
31,20,5,14
1,9
1,11,16
1,2
7
1,3,5,2
5
1,20,2
11
4
1,9,2
15,3,12,4,2
1,3,38
1,31,4,2
0
1,9,2,7
14
49,1,12,40
13,2
43,6,3,14
1,31,15,2
1,35,3
1,5,14,4
1
1,6,3,14
1,8,23,14,2
43,1,8
1,44,30,38
1,8,14
4
1,6
49,1,6,29
1,9,4,2
1,9
1,16,4,2
11,3,7
1,21,22,2
1,14
1,39,3,22,2
1,6,47,3,9
1,11,3,13,9
1,8,10,5,14,33,2
2
11,28,3,2
1,3,5,2,40
22
1,10,4
1,5,4
49,1,2
1,8,33
35,24,4
46,1,8,11,3
1,16
42,20
1,10,3,4
1,13,7
1,11,5
32,3,5
7
6,17,22
1,16,5,9,4,2
12
1,11
1,28,21,12,24,4,2
1,26
10,3,17
1,21,5,2
1,6,3
3
1,31,3,2
1,4,2
42,9,14,7
41,28,17,2
1,13,4,2
2
1,30
1,3,2
1,21,4,2
21,3,22,13,4,2
1,6,39,12,22
0
1,6,10
1
34,13,2
1,3,12,5,2
3,4
1,5,2
1,2
1
11
1,29
1,2
0
1,4,2
1,3,2,7
1,6,23
8,34
1,44,10,5,13,2
1,13,4
3,5,17,2
41,1,5
1
9,7
1,6,20,4
1,35,3,5,2,7
1,32,10,25
1,6,5
21,14
49,1,26,18,5
39,5,4
11,12,5,4,2
1,4
1,6,19,21,20,4,2
1,10,15,25,14,2
1,8,34,12,4,2
33,7
2
6,5
1,6,16
1,15,3,24
1,25
3,20
1,2
46,1,3,18,17,9
1,3,7
1,3
1,42,3
32,3,9
45,1,3,5,30
1,18
1,24,2
1,6,44,4
45,3,24,7
10,9,2
1,27
1,15,3,2,38
1,19,3,9
12
16,3,20
1,9,27
1,38
9
1,3,22,7
1,14
1,2
1,15
1,6,32,2
3
1
1,35
1,6,9,4,2
4
1,10,2
1,2
1,3,18,13
1,3
1,13,4,2
1,8,3,23,4,2
1,2
1,17
1,2
1,16,9,4
1,28,21,7
1,6,15,5,30,7
20,4,2,40
1,33
12,5,9,4,2
28,14,4,2
34
1,23,24,38
1,6,44,14
1,37
1,16,2
0
6,16,23,25
1,44,16,3
1,15,3,2
1
1,6
1,6,47,19,3,23
12,2
1
4
19,3,17,4,2
30,4
1,31,30,2,38
11,48,2
43,35,12,5,2,7
1,6,8,3,2
1
11,3,12
6
1,18,4
1,4,2
1,10,4,2
1,39,3,5,2
1,3
1,8,5,17,14,24
1,4
1,11,3,2
1,2
1,21,3
0
1
1,22
1,10,23,4,2
1,32,4
1,27,4
1,6
1,5,4
1,11,2
1,28,31,5,2
10,4,2,7
1,2,7
28,2
1,5,2,7
1,6,5
1,16,15,3,4
1,2
41,1,22,4,2
1,11
1,19,3,2
1,25,30
1
1,15
0
1,10,3,23,4,2
1,44,27
1
5,22,29
6,5,4
1,20,2
1,22,29,4
1
1,6,8,13
1,6,37,28,4
1,32,9,2
1,6,3,20,5,2
1,7
1,8,10
1,8,35,38
23,5,7
40
2
1,8,3,5
3
1,3,14,2,7
6,8,9,14
5
18,13
1,6,11,15
1,3,5,30,2
1,2,7
1,12,18,7
6,4,2
28,25,2
6,17
6,2
0
15,3
4
1,3,5,13,14,2
2,7
1,47,22,27,29,2
1,5
1,2
1,3,4
9,24,7
1,3,30,2
1,12,50,17,2
0
3
1,5
1,3,18
16
1,6,2
1
43,1,44,2,7
1,28,5
1,11,3,2
2
1,36,12,5,17
1,37
1,2
6
1,3,24,2
35,2
1,6,10,5
1,14
28,10,4,2,7
9
1,36,32,26,5
36,16,21,14,27,2
1,6,34,2
1,12
15,3
1,26,2,7
1,16,13,9,2
37,12,5,9
45,1,11,3
1,10,20,2
1,2,7
1,15
5
1,16,5
31,23,7
46,1,2
1,8,7
1,21,3,33
32,7
3,2
1,3,9,4,2
1,5,2,38
1,8,44,3
1,5,14,4,2
1,10,23
1,15,13
3,2
1,34,20,7
1,6
1,9
46,1
3,2
1,12,24
1,3,22
28,31,16
28,10,14
2
3,2
1,11,26,3
10,9,38
3,2,7
1,5,2
1
1,10,5,13,4
1,8,11,20
1,40
1,31,15,5,2
1,4,2
1,27,2
1,32,16
1,2
1
8,44,3,50,13,2
1,7
1,40
1,22,24
3,4
41,1,5,2
1,6,2
45,1,11,18,50,4,2
3,5,2,7
1,2
1,42,26,2,38
1,39,2
1,32,3
1,5,2
1,28,7
1,32,10,5,7
1,10,7
1,42,10,2
0
1,42,3
18,5,2
49,7
41,1,5,24
1,4
1,4
11,32
1,3
1,39,47,15,3,25,4
1,25
1,35,13,4
1,2
1,8,11,34,3,4
6
1,6,16,3,13,4
1,10,3,12,9
11,28,16
1,2
1,6,21,12,5,2
1,33,4
43,1,5,2
1,11,22,4
1,3,5
1,8,12,33
1,29
8,12
8,10,4
1,13
15
1,11
3,7
4,2,7
1,11,3
45,1,28,2
34,42,16,21,17
1,34,19,10
1,48,22,7
10,4
1,47,31,17,14,2,7
1,11,32,5,30,2
1,19,2
1,15,3
3,14,38
1,3,5,9
5
1,3,24
1,36,8,37,2
46,1,6,31,18,13
1,3,9,2
36,5,25,9,2
1,19
1
1
1,44,16,2
6,5,2
1
1,4,2
1,3,18,2
0
1,6,18,25,4
1,3,20,17
1,15
1,8,11,12,9,2
1,10,3,4
1,9,14,24,4,2
14,7
17
36,37,10,48
1,28,12,5
1,2
8,11,5,4
2
1,6,42,10,3,18
1,6,5,7
1,15,5,2,7
1,6,3,17,2
1,36,3,4
1,11,16
1,3,2
1,31
1,8,11,2
49,1,8,3,50
1
1,6,8,30
1,11,22
1,11,3,20,17,38
1,32,50,4,2
1,12,13,4
1
39,2
6,10,17,4
1
34,4,2
1,3,25,22,14,2
10,3,2
25,4,2
1,11,10,29,2
5,2
1,27
0
1,16,5,4
1,10
5
1,50,2,7
5,24
1,8,5,7
6,3,18,5,33,38
1,6,3,9,4,2
5
1,8,42,29,33,2
1,32,28,17,13
1,6,28,2
35,3,5,4
1,4,2
3
1,2
1,33
6,34,47,19,2
1,11,31,3,12,18,2
46,1,26,3,5
6
10,4,2,7
31,23,9
6,5,2
1,19
1,28,3,12,2
46,1,10,2
34,15,13,9,4
1,3,5
1,3,38
0
1,8,15,5,4
1,11
1,5,13,4,38
1,3,9,27,4,2
1,31,4
13
1,28,15,3,9
1,6,8,5
37,3,25,2,7
1,16
48,2
2
1,11,42,7
12,50
0
1,13,24
1,6,23,50,24,33
1
1,3,2
6
1,19,3,7
1,36,28
46,1,16,9,4
6,34,5,2
13
46,1,3,5
1,3,38
11,21,3,2
3,18,27
43,1,4,2
1,3,13,4,2
1,7
36,13,2
1,32,3
1,20,5,13,24
1,6,8,16,50
49,1,28,10
1,6,39,5,14
1,6,2
3,4
6,8,18,5,2
1
1
1,26
27
1,8,19,5
1
1,8
1,5,2
1,25,27,4
1,12
3,9,14,7
13
1
1,6,11,12,9
10,9,4
1,14
46,16,30,14
1,8,4
1,6,18,2
1,28,2
1,19,35,5,14
1,16,2
1,18,22,2
1,36,3,12,25,4
28,20
31,5
1,6,3
11,3,2
1,3,5,14
11,28,26,16,3,12,40
1
6
1,28,3
1
1,8
1
1,10,3,5,4
45,1,12,9,2
0
45,1,5,2
1,39
1
2
36,15
43,1,18,5,9,27,2,40
1,5,27
15,13,4
1,9,2,7
1,39,42,16,3,9
1,37,30,24
1,3,5,2,7,38
4,2
1,3,12
8
1,3,2,7
41,1,22,7
4,2
26
7
1,6,3,14,4,38
6,10,14
3,20,27,4
0
34
1,8,17,2
1
26,12,5
1,2
3
1,6,10
39,26,10,13
3
1,14,2
1,26,3,4,2
1,8,26,2
1,17,2
1,23,2
1,34,19,24,2
5,4,2,7
1,8,16,10,3
1,19,20
1,39,3
4,2
1,22,14,2
1,9
1,2
1,3,14,4,38,40
49,1,20,17,9,7
1,6,7,38
39,2
1,17
1,5
1,6,2
10,3,12,2
6,5
1,10,15,3,12,24
1,5
1,6,3,2
1,19,3
1,37,18,13,2
1,11,10,23,25,14,2
11,31,21,3
9,2
1,8,11,19,13,2
1,18
1,37,2,7
1
1,34,2
1,3,12,7
1,3,17,9,24,33,2
1,15
1,6,8,4
1,40
1,11,2
1,3,5,17,2
1,6
1,4,2
1,3,9,29,33,4
32,44,14,2
1,23,2
1,9,4
6,3,18,25
10,30,4
1,7
1,10,48,30
1,21,3,24,2
1,6,10,5,14,7
3,5,2
1,36,5,25
50
1,6,3,12,27
1,8,19
1,39,47,3,48
3,40
6,32,14,2,7
1,9,2
3,4,2
1,6,22,2,7
30,24
45,5,4,2
1,22,2
1,10
5,22,2
1,44,10,15
1,19,22
22,13
1,10
6,5,33,4
1,9
1,4,2,7
1,10,5,25,2
0
1,19,3,29,2
1,3,14,33,4,2
1,7
43,1,8,10,3,5
1,7
8,5,4
1,8,47,19,23
1
1,8,10
1,48,2
1,23,2
31,22,2
1,21,3,5
1,9,2
1,3,5,13,14
1,21,3,5
1,10,15
1,11,16,5,33,2
1,18,2
1,16,3,18
1,8,3
1
26,5,14,27
1,15,3,9,4,2
20
5,4
1,11,39,3,5,2,7,40
5,24,4,2
6,5
1,5,2
1,4
3,5,2
2
1,16,10
1,10,5,2,40
21,23,9
46,1,3,18
1,3,2,7
5,4
1,10,5,4
1,28,9,4,2,7
5
1,8,17,4,2
1,6,33,2
1,10,2
11,13,2
1,10
1,3,12,5,2
49,1,12,4,7
1
1,34,12
39,10
3,5,9
0
1
1,6,3,2
1,8,14,4,2
1,3,20,17
1,4
20
21,30
1,3,2
1,8,3
1,6
17,7
44,17,4,2
1
10,2,7
45,1,18
1,48,17,9,2
11,5,2
1,38
46,1,16,2
1,11,48,9
1,16,18,2
3,13,9,27
15,3,2
1,10,5
1,6,8
2
43,1,6
8
1,6
1,5,2
2
1,8,3
1,6,17,2
1,27
1,11,5,48,22
1,2
10,12,7
1,3,2
1,32,3,13,14,4,40
1,3,18,48
45,1
5,2
1,33
1,6,34,35
1,4
1,39,5,2,7
1,19,5,2
19,21,17,14,7
41,1,6,2
1,2,7,40
2
11,3,5,2
1,5
1,47,3
8,21,15
48
10,3,2
1,8,5,9,4
1,6,10,3,18,2
1,8,44,35,3,4,7
1,29,2
1
10,3,14,2
11,4
6,5,30
1,36,26,10,3,17,7
1,16,3,2
1,6
1,9
1,4,2
1,17
1,3,7
1,5,2
1,6,39,5,13
1,3,5,2
1,3,2
1,4
2
39,3,9,4
1,21,40
1,6,47,3,5,2
1,24,2
1
36,12,14,4
1,3
49,1,6,32
1
1,11,23
11,31
1,6,44,19,20,33,2,7
0
1,14
1
8,3,5,48
1,6,11,25,2
1,4
49,1,30,27
11,40
43,5,9
1,14
12
37,13,9
1,28,4
21,2
1,2
1,2
1,6,32
1,10,14
1,12,48
1,37,18,9,2
1,19,21,14
1,6,5,4,2
5,2
1,8,4,2
1,3
12,2
1,6,3,4,2
1,6,9
1,14,4
43,41,1,5,2
1,6,22,9,2,38
1,20
1,31,16
1,12,2
1,8,3
1,3,4,2
1,11,31,16,7
11,16,4,7
1,10,5
1,3,9,2
1,3,22,4
1,6
1,12
1,5,25,9,7
1,26,15,17,2
1,2
1
1,8,32,24
1,11,3,2
1,8,23,4,2
1
1
38
1,6,16
43,1,6
1,44,5,17,4
23,2
1,9,4
46,1,3,4,2
1,23
49,1,6,8,3
1,20,18
8,21,3,25,2
1,39,47,9
1,6,11,5,2,38
8,2,38
42,3,4
1
1,8,2,40
1,36,21,18
1,3
3,7
1,14
31,21,3,13,2
49,1,3,4,40
1,21,2
1
1,39,2
1,19,30,2
8,19,20
18,30,14,4
6,8,11,35,10,4,2
1,8,35,3,2
1,8,3
1,12,5,25,4
1,48,2
49,46,3,2
1,8,5
1,22
0
45,1,4
28,10,20,5,9,4,2
8
1,3,7
1,8,3
5,2
47,2
1,6,8,44
1,39,47,10,5
1
1,15,2
1,36,10,2
1,16,2
44,9,27
1,37,10,18,4
1,2
1,21,5
1,16,3,23,5
8,16
18,14,2
1,6,16
1,44,2
1,12,5
1,8,13,2
1,11,16,14
1,44,24
1,6,16,5,30,2
1,8,4
30,14,2
8,28,9,7
1,3,5,27,4,2
1,3,48
41,1,5,25,14,2
1,6,14
1
0
1,8,23,50,25,2
1,24
1,10,27
1,28,3
1,26,3
1,6,8,5,27,4
8,17,29,7
1,19,3,2
6,2
1,10
1,8,20,17,13,4
1,11
42,3,2
1,30,2
8,39,10,9,14
1,38
45,1,3,48,30
1,3
1,37,10,5
8,4
1,6,15
1,6,3,17,13,9,14,7
1,11,5,9,2
1,2
1,9
1
5
49,1,11,3,25,17
1,2
1
1,4
1,4,7
1,17,13
1
0
1,47,7
8,3
1,26
1,8,40
1,9
1,8,3,27,29,4
1,28,3
5,17,22,9,2
1,6,11,26,50,2
1
26,3,50,17,13
1,23,9,2
1,8,3,2
1,9
1,3,2
1,12,4,38
23,2
1,8,16
1,8,12
1,37,30
6
1,6,18,5
1,36,25,2
1,11,15,30
1,6,10,18,2,7
6,16,5,4
1,6,15,17
1,19,12
1,19,30
1,8,28,31,3
1,8,15,3,24
1,4
19,5
6,33,7
1,42,16,10,5,50,14,29,2
1,6,10,3
1,11
12,14
4,2
1,36,15,5,4,2
16
8,2
1,36,5
1,8,5
1,15,3,9
1,20,9
1,3
1,3,2
1,6,3,5
1,35,2
1,8,9,4
33,2
1,10,3,24,2
49,22,2
1
15,14,2
1,30,2
1,10,5
3,2
1,6,8,42
46,1,12,2
15,3,30,2
43,32,4,7
1,9
1,29,4
1,5,4
1,39,25
1,6,27
1,39,15,3,27,4
3,4,2
6,19,4
1,26,4
1
1,3,2,7
47,7
1,19,10
35,10
1,32,9,7,40
23,24,2
1,8,12,20,13,7
8,37,3,2
1,25
3
10
18
1,3,5
1,3,23
1,37
46,1,9,2
1,11,12,18
42,47,21,10
1,8,3
46,1,12
1,34,19,2,7
1,8,14,29
41,11,18,4
3,48,9
2
1
1,6,36,50,14,4,2
49,1,3,17,14,2,7
15,5,14
46,1,10,50,7
6,36,16,2
1,16,3,4,7
1,5
1
46,10,48
47,2,7
3,25,4
1,28,4
3,2
1,11,9,2
1,27,7
1,3,30
1,8,3,7
16,13,9,14,4
1,12
1,5,25,17,2
1,16,21,3
1,6,2,40
1,9,2,7
1,15,3,2
1,6,5,25,4
1,23,13,4
1
1,35,3,5
1
1,9,2
45,1,22
6,10,3,2
1,6,3
0
1,6,2
2
1,26,10
1,6,24
1,3,9,2
39,3
10,23,17,2,7
1,3,2
1,10,5
1,25,22
1,28,13
1,8,35,9
1
1,36
1,47,4,2
0
1,16
1,30,17,9,40
20,22,4,2
19,3,12,50,2
1,15,2
1
1,9,24
1,3
1,10,3,5,7
41,8
1,36,5,9
1,3,22
1,8
1,8,16,9,4,7,38
1,8,3,18
1,17,2
1,6,17,4
1,36,2
1,13,4
1,13,9,7
1,21,2
1,8,10,15,12
1,11,16,15
1,4,2
1,48,33
1,47,3,2
0
1,6,42,26,3,9,2
1,5,24,29
1,4
1,6,34,2
39,5
1,6,4,2
2
1,42,31,35,4,2
49,1,7
2
1
12
1,13,14,2
1,20
1,36,10,18
6,8,12,7
1,12,48,4
1,4,2
1,31,10,5,13
1,3,2
1,3,2
30,4,2,7
1,8,13
1,3,20
1,44,4
1,3,5,9,2
1,48,7
1,21,10,3,2
1,6,20,23
1,3
1,2
11
1,15,9,4
2
0
1,16,3
1,8,3,9,2
1,3
11,3,2
1,3,5
1,3
1
1,9
1,6,16,23,13,2
1
1,11,14
1,3,2
6,15
45,1,17
1,6,19,2
46,47,21
1,8,3,14,2,40
1,24,2
1,3,9
1,31,30,17,2
6
1,14
6,26,12,20
1,6,8,3
1,5,13,27,7
1,6,11,10,12,5,14,4,2
36,10,3,5,4,2
1,11,44,3,13,2
6,9,2
1,26,5
1,3,9,2,7
11
1,2
1,8,3,5,4,2,7
20,50
8,23,5,2
1
1,4
1,3,20,48
1,3,29
1,5,7
0
21,15
1,36,32,26
1,7
6,3,7
0
7
1,9,4
1
1,8,13,9
1,37,31,21
1,13
1,32,21,18,22,9
1,21,18
1,18,27,2
1,11,47,4
1,8,12,9,4
2
1,3,9,2
1,26,17,4,2
34,10
14,2
1,12,5,2
31,5,2
1,3
41,1,26,3,12,4
1,8,3,48,4,2
1,10,3,5,4,2
41,1,5,2
1,6,12
30,4,2,7
0
6,8,3
22,13,2
1,3,5
1,10
1,16,5
1,26,3,5,30,7
1,6,47,3,2
6,5,17,14
1,31,22,7
43,1,10
1,47,4,7
6,2
1,6,11,2
11,3,13,24,4,2
1,3,9,29
1,44,20,25
11,3,33
1,4
1,34,47,5
49,1,15,12,48
1,39,16,21,29,2
8,34,12,4
3,25
1
21,14,2
1,19,2
1,3,2
8,3,5,4,7
1,48
1,3
1,4
1,8,21,3,13,7
7
1,33,2
2
1,11
8,5,13
5
1,18,4,2
1,6,18,24,2
1,6,16,38
8,13,9,24,33
8,5
1,47,23
1,23,7
6,15,3,13
1,16,10,9
1,6,5,38
31,3,23,5,29
10
3
1,23,9
1,36,17,4
1,30,14,2
16,21,2
2
33
1,2
12,7
43
1,6,4
10,7
1,11,31,4
1,6,8,11,47
1,4
1,9
3,5
1,28,15
5
20,30,2,40
43,1,6,39,22,9
1,4,38
6,8,32,4
2,7
1,6,19,17
1,6,3,2
8,11
5,2,7
1,4
0
1,8,2
1,11,12,2
1,37,5,2
10,3,24
6,4,2
1,6,11,2
1,10,4,2
1,4
6,35,18
1,34,4
46,9,2
6,11
1,44,28,12,33,4
1,25,13,2
1,32,15
1,28,12,5
1,20,13,2
1,35,10,2
3,5,14,2
1,19,3,4
1,42
1,5,22,2
12
1,21,2
1,26,3
1,14,4,2
0
1,28,15
1,15,5,24
1,31,5,50,2
1,6,3,9,4,2
21,4
1,28,13
1,36,7
1,16,3,4,2
6,47,28,15,5
1
18,4
1,36,2
1,6,36,8,2
1,6,22,4
1,3,5,9,2
3
1,6,47,5,9,4,2,7
42,15
1,30,4
1
3
6,32,2
1,3,50,17,4,2
1
1
36,8,9,2
1,15,20
1,13,7
1,32,16
1,11,4,2
15,3,12,25,2
28,3,5,9
1,10,5,24,4,2
43,1,4
1,5,2
7
26,13,4
2
1,14
1
1,5,2
6,37,35,5
15,9,4
1,11,22,2
1,39
3
16,3
1,6,37,9
1,8,3,12
1,14,2
45,1,26,3,2
1,3,4,40
45,1,3
1,8,35,3,4
1,3,7
1
1,8,32,14,2
1,6,35,22
1,18,2
1,44,3
1,28,15,13
1,8,24
1,2
1,3,4
47,5,50
8,3,2
1,42,16,18,2
16,3,17
1,6
1,28
1,20
1,5,24
1
1,4
1,28,9
1,3,4
1,3,4
3,7
1,3,2
0
1,44,21
11,3,7
1,11,2
3,5,2
23,2,7
1,11,12,25
1,11,44
21,3,12,24
16,9,4
1,7
8,16,5
45,1,15,2
1,32,3,2
46,1,3,5,2
1,12,14
8,3,4,2
1,10,17
1,37,2,7
36,16
1,3,4,7
36,35,7
1,6,39,5
1
0
1,8,38
45,1,11,15,13,7
45,6
1,5,4
2
1,8,3
1,8,3,13
21,4
1,4,2
1,23
1,16,10
1,28,3,18
1
1,10,15,3,2
1,28,21,3
1,3
1,32,3,12,2
11,12,5
1,12,7
1,6,4
6,20,17
1,21
41,1,6,3,7
1,8,25,2
1,36,16,5,24,27,2
3,23,5,13
1,11,10,4,2
1,18,14
1,36,8,35,12
1,8,11,21,15
3,25,2
1,3,25,14,2
12
1,3,33
1,9,29
1,2
1,2
1,6,36,26,2,7
1,6,8,44,13
6,3,23,25,2
1
1,3
1,11,42,10,29,2
1,11,4
1,8,10,5,14
1,20
2
10
1,21,5,4,2
1,5,30,2
1,2,7
1,36,20,23,13,9
4,2
2
43,39,2
8,10,5,2,7
1,6,18
1,19,15
1
1,11,9,2
1,39,19,9,14,2
1,6,3,5,17
8,3,5,2,38
3,50,13,40
1,39,3,9
1,37
1,11,34,42,47,9,33,2
1,11
3,4
1,3,5,24
10,20,5,4,40
1
0
20,13,2
1,3,5,9
1
5
43,1,10,14,2
1,7,38
1,32,30,2
1,35,9,14,4
1,8,16,2,7
1
1,47,3,17
1,8,28,15
1,8,5,2
6,12,25,4
1
1
1,21,22,27
2
6,5,13
8,32,2
1,5,4,2
1,22
1,11,34,12
1,35,4
1,50,2,38
1,29,2
1,2
1,29
1,17
1,8,12
1,3,48,2
1,2
15
1,6,3,29,2
10,14,27
46,1,21,3,2
1,22,4
0
1,25,24,4
45,1,3,12,23,40
6,44,10,12,20,14,4
19
1,4
4,2
29
11,42,5,25
15,3,5,7
1,8,19,33,2,7,38
1,10,5,22,24
1,6,15
46,19
1,33,2,7
22
13,2
17,4
1,42,19,3,7
1,8,3,4,2
1,6,31,12,17
1,36,11
3,9,24
1,8
37,20,5,2
1,6
9
1,3,5
1,6,30
1,2
1,20,23,25,14,2
1,9,2
1,47,2
3,48,33
1,6,12,5,13,27
1,4
1,15,2
1,10,9
25,17,4,2
6,15,9,14,4,2
1,19,4
1
1,36,2
1,34,3,4
1,3
1,44,3
11,32,3,29,40
1,39,10,3,9,4,2
1,9,4,38
1,8,5,33
1,2
1
3,5,14
1,8,11,5,24,2
1,2
46,1,27
1,8,14
1,6
13,9
1,6,4
1,6,16,3,17,4,38
49,1,32,3,5,4
32,3
1
8,22,9,4,2
1,2,7
1,6,5
1
1,10,15,22,2
1,11,3,14
5,7
1,21
1,2
3,17,13,4
1,31,17,13,2
1,10
49,1
1,20
1,8,9,2
1,23
1,10,3,24,2
6,3,14,4,2
1,19,3
1
5
1,28,16,35
1,17,2
1,6,13
1,5,25
43,1,26,22,2
6,8,15,7
47,21,15,2,7
10,23,4
37,20
1,16,2
45,1,28
41,1,10,2
1,39,3,12,18,5,4
1,42
1
11,39
1,42,32
1
1,3,14,2
3,5,25,2
1,6,26,5
10,14,4
1,2
12,20,2,7
11,12,30
1,8,3
6,21,17
43,1,6,5,22,2,40
39,28,22,2,7
1,36,3
1,12,4,2
1,6
30,2
1,19,15,5
39,10,2
1,26,16,24,38
1,6,36,11,3,20,5,4
5,2,7
1,3,27,4,2
1,12,2
1,42,12,29,4
6,16,3,2
1,15,2
1,6,15,5,25
1,31
1,6,23,24,2
37,10,5,22,4
8,37,5,27
1,10
1,2,7
1,10
1,8,15
1,10,3,2
10,3,12
0
46,10,2
1,12
1,3,4,2
11,44,5,27,4
1,8
3,2
1,16,2
1,19,2
1,5,2
1,17
41,1,10,5,17,4
1,10
1,25,2
1,8,32
12
1,12,2,7
1,7
1,2
1,5,2,38
1
13,2,7
41,4,2
26,17,2
4,2,7
5
0
1
11,5,4
1,42,2
1,4,2
1,35,12,4
2
1,19
1,18,2
1,3,9,2
43,1,44,21,2
5
3,2
1
1,5,2
1,3,2
1,11,17,2,40
1,3,4,2
1,9,4,2
1,13
49,7
1,3,5,2
1,28
7
1
6,22
1,19,20,2
1,2,40
1,10,12,2
41,10,2
1,23,24
1,42,12,5,25,22,13
28,3,23,5,2
6,10
28,14,4,2
46,1,17,7
13,4,2
1,6,17,2
1,18,22,2
5
1,10,4
1,6,10,3,2
1,8,7
1,34,20,2
26,10,15,25
49,1,37,9,2
10
3
11,47,3,4
10
41,1,6,39
48
1,39,44,3,4
6,20,38
1,7
23,24
1,6,19,25
1,3,9
1,8,11,19,15,2,7
1,29,2
1,11,16,3,2
1,3
1,13,2
45,1,39,10,3,12
45,1
1,2
3,29
1,6,5
1,3,4
1,26,27
1,3,5,22,2
6,11,12
1
1,6,15,23
6,20,13
1,44,16
1,47,16
1,35
46,1,8,19,15,3,48,29,2
1,32,16,5,14,4,2
1,5
1
35,13,4,2
1,5
1,11,47,26,5,13,29,4
11,3
1
1,5,29
1,5,2,7
6,34,3,4,2
3,22,9,14
0
1,2
1,30,9,29,4
1
16,4
1,11,2
10
18,5,27,4
1,8,2
1,10
1,6,37,3,17
1,32,7
1,14,2
1
26,10,18,13,4,2,7
1,6,3
1
8,11
1,48,2
1,36,35
1,32,28,20,9
1,15,23
1,12
1,8,7
1,2
45,1,7
1
11
1,19,17
1,32
1,19,17,2
4,2
1,8,2
1,2
44,28,3,23,9
1,2
1,3,22
1,4
1,6,12,18,33
26,3,5,22,9,4,2,7
1,19,15,3
1,13,9,4
1,11
5,4,2
1,2
1,26,2
1,15,12,38
1,30,2
15,4,2,7,40
1,3,2
21
12,20,17
1,6,2
4,38
6,11,34,10,3,5,24
2
1,39,2
5
1,6,22,2
1,21,48
1,4,2
8,50
1,8,32,35,3
1,16,23,2
1,3,14,4,7
1,39,19,29,2
1,11,3,29,2
1,11,3,18,7
12
0
1,2
5
49,1,12,2
14
1,6,42,27,2
1,13,9
1,3,9,2
43,1,3,29,2
1,6,25,27,2
44
10,30,14
1,8,20,14,2
1,13,4,2
43,4
1,35,27,4
1,11,26,5,2
1,39,24
1,3
1,15
1,2
23,5,22
1,3,22,24
1,2
1,6,25,2
1,11,3
8,16,10,17,4
3,23
2
1,6,3,5,9
1,28,2
46,1,6,20
1,40
45,28,9
1,2
1,2
1,24,2
1,8,11,3,12,17
1,7
41,1,34,19,3,5,9,14,24,2
16,19,22
16,3,50
1,26,2,40
1,18,17,2
17,4,2
1,11,7
1,4,2
8,5,2,7
1
1,31,30
1,21,15,22,2
35,30,2
1,26,3,17,4,2
1,16,2,7
1,8,47,14
1,26,5,13,7
1,20,2
1,26,10,3,7
1,16
1,37,22,2
0
1,9
39,3,14,2
28,3,2
1,5,2
1,36
45,49,1,10,3,2
1,5
1,6
46,1,10,3,5
1,7
10,3,25
1,30,9,4
1,18
1,4
46,3,4,2
1,28
5
1,3,5,4
1
1,3
1,15
28,3,13,2
1,6,47,14,4
1,9
1,6,2
2
1,3,23,2
1,4
1,21,13,24,2
5
1,32,3,24
16
1,3,25
1,3,9,2
1,16,3
1,23
1,8,15,50,2
1,16,4,2
30,4,2
1,11,10,4,2
1,3,38
1,8,37,2
1,3
1,12
40
32,21,20,5,2
43,8
1,14
1,39,5,13
1,6,5,17
41,1,2
2
1,6,10,3
45,1
1,44,3,9,4
1,2
1,2
1,12,27,2,7
3,12,5,2
41,1,3,2
1,25
1,13,4,7
1,6
1,3,4,2,7
1,11,3,22,38
1,12
1,31,7
1,10,48,2
6,3,2
1,44,5,2
1,8,31,16,3
1,13,4,2
7
0
1,3,22,29
1,3,5,9
1,3,18,9,2
1,10,2
1,31,9,4,2
1,31,20
3,9
1,21,17,4
1,7
1,8,2
1,8
1,11,5,4
46,1,6,16
1,18,25,2
1,15,17
45,1,10,20,9,2
35,27
1,36,2
1,3,20
1,6,26
16,19,20,4,2
8,3,7
1,12,40
1,2
46,1,47,18,4,2
13
1,8,4,7
8,4,2
22,33
1
1,4
46,1,2
1,21,3
1,12,14,29
1,8,10,12,4
1,9
1,12,23,7
26,16,21,20,2
22
8,11,13
1,8,34,25,4
1,3
1,8,5,22
25,4
1,35,20,4
1,2,7
1,21,5,50,2
1,3,20,23,2
46,1,26,19
1,39,2
1,11,12,17,2
45,1,3,2
1,6,4,2
1,37
1
1,19,10,3,12,38
1,12,14,7
1,10,20,9,14
1,6,25,22
14
1,16,12
1,5,33
1,26,10
1,2
1,20,2
37,21,3
1,2,40
36,37,26,17
36,16
1,6,3,7
11
1,39,37
19,5,4,2
18,25
1,25,4,2
5,2
1,3,2
1,28,9
1,3,18,4
6,37,4
50
15,12,7
5,2
5
20,7
1,27
1,8,11,19,21,15,3,2
1,15,3,12,9,2
39,15,17,7
8,10,4,2
1,37,17,9,33
1,4,2
1,11,37,3
1,8,19,4
1,3,12
1,7,40
1
1,12
1,2
0
1,3
46,1,2,7,38
1,6,16,4,7
1,3,2
19,4
16,30,13,9,2
1,2
1
1,4
1,6,2
1,35,5,25
0
1,2
20,5,25,2
1
1,10,18
1,39,4,7
1,17,27
1,31,16,3,20,5,14,2
31,2
1,10,5,25,4,2
1,3,18,4
1,50,4
6
1,2
1,3
43,3,22,9,2
1,7
1,19,18
1,6,39,15,9
1,10,2,40
1,10,25,2,7
1,18,14,33
16,2,7
1,24
1,3,5,2
1,6,2
1,6,3,2
1,6
43,1,3,9,2
1
1,8,21
1,6,2
1,10
1,31,25,7
49,1,10,3,7
1
1,24,2
1,8,47,3,20,4
3
1,25
45,2,7
1,6,19,3
1,34,4
1,34,25
11,34,12,7
26
1,39,3,2,38
1,37,3,14,4,7
1,25,2,40
7,38
1,5
1,37
10,5
6,9,27
1,23,2
1,13
1,3,4
3,5,2
22,2
1,3,2
6,12
49,1,34,37,27,2
1
1,6,14,29
1,11,35,3,14
21,13
1,13,7
1,15,3,5,30,24,2
42,3,4,2
1
17,7
1,37,3,20
1,11,19,4
1,17,7
41,1
1,12
3
39,3
44,3,4,2
41,1,8,16,7
1,37
1,15,18,4
34,3
0
11,19,50
47,12,2
1,3,5
6,14
39
1,8,9,24,4,7
1,6,11,16,15,3,38
1,8,35,5,4,2
1,6,19,48,9,2
1,3,27
1,26,3
1,11,19,4,2
1,6,19,2
1,6
1,8,3,18
1,24,2
1
3,4
1,28,10,17
4,7
19,9
1,3,2,7
44,3
1,35,2
1,31,2
1
1,3,4
1,12
1,11,35,22,4
8,12,7
1,19,3
1,26,35,5,25,9,2
1,15,2,7
15
41,37,31,3,22,40
1,8,3,17,2
1,11,5
1,16,10,2
1,8,32,28
1,16,2
1,11,2,7
39,3
1,2
0
1,5,50
1,12,2
2
4,40
46,1,5
5,27,2
1,8
26,15,9,2
1,6,2
1,2
1,11,7
45,5,22,4,38
0
1,12,23,5,2
49,1,11,23,7
1,8,3
1,50
1,5,14,2
12,2
1,30
1,3
1,21
1,26,15,20,2
1,25,4
1
1,28,5
1,8,29
2
1
1,5
31,3,4
3,2
1,16
1,4,7
16,12
1
1,39,16,3,23,13
1
1,28
1,10,29
1,10,14,4
31,3
1,6,3,23
1,36,21,10,3,12
1,35,2
41,3,12,24,2,40
1,6,28
1,35
1,3,4
1,2
1
1,6,3,7
8,15,4
1,2
1,3,4
1,11,16,15,4,2
1,39,10,5,13,9,4,7,40
41,1,3,27
1,3,29
1
1,14
6,2,7
1,6,11,3,2
1,36,15,13
1,42,24
11,47,26
8,11,35,10,3,24,33
4
1,19,48,17
1,6,10,3,13
1,6,8,12,2
1,8,31,4,2
1,8,9
49,41,1,8,37,35,2
1,3,5,2
1,28,5,2
1,2
6,2
1,10,2
32,18,2
1,11,39,14
1,6,21,5,2
1,26,16,15,5,25
1,6,12,27
1,39,9,2
1,2
1,26,9,2
1,11
1,31
34,3,18,7
35,10,2,7
1,39,44,47,12,13,33,2
3
1,8,32,3
1,11,26,16,2
0
5,2,7
1,16,2
1,6,31,2
46,9,2
6
1,4
1,31,17
1,3,2
1,11
1,3,4
1,34,35,3,2
1,19,3,5,4
2
16,5
9,14,4
1,15,5,29
1,5,7
1,15,29,4
1,8
1,2
32,2
6,44,5,2
1,6
1,13,33
1,2
43,46,6,4,7
10,3,17,4
1,21
1,42,2
1,26,9,4,2
11,12,23
1,44,18,5,2
1,4,2
1,37,16,9,27
1,12,18,2,38
1,19,4,2
5
1
43,1,6,34,3,2
1,3,14,2
1,6,8,3
1,6,12,14,4
4,2
8,37,10,29,2
21,10,3,2,7
1,25
1,15
16,19,7
1,11,2
1,6,42,3
8,16,5,2
46,1,6,31,3,29
1,3,12,2,7
1,21,9,2,7
1,8,32,5
42
3
8
1,13
1,3,20,29,2
1,3,20,5,9,2
1,7
1,34,3,4,2
1,16,3,33
46,1,36,39,3,9
1,32,4
1
1,7
8
36,20
4
6,19,4,2
1,5,4
1,47,3,29,33,4,2
1,42,13,7
1,6,3,14,24,2
4
1,6,26,48
37,26,16,3,30,7
1,5,2
26,2
1,3,9,2
1,14
1
44,10,40
49,1,3
1,6,21
0
0
25
1,14,2
1,17,22,9
1,6
1,6,20
1,37,3,4
3,2
43
1,6
1,6,5,4
1,16,50,24,2
6,47,20,27
1
1,26,3,5
1,3
1,14,2
6,5
46,1,8,35,2
1,5,9,4
1,22
1
49,1,27,29
1
41,1,6,9
15,25
6,10,4
1,4
4
1,8,39,15,33,2
1,3
1,28,20
1,9,7
1,8,3,27,2
1,8
1,3
1,31,3,23,9,2,7
1,3,17,2
1,7,40
1,3,33
43,2
4
0
1,28,21,15,3,14
1,6,8,19,5,7
1,10
28,33,4,2
1,19,5,2,7
1,6,5
1,6,15,9
1,12,2
1,21
1,42,9,4
26,5,48
1,44,9,2
1,6,11,12,5,4
6,9
1,35,48,2
1,16,10,2
1,36,3,2
1,12,7
1,24,33,2
1,9,33,2
1,30
11,4,7
15,30
1,21,3,30,13,29
1,3,2
1,6,11,10,5
3
1
0
37,20
1,6,34,19,33,2
1,12,5,4
7
1,48,2
17,13
1,6,31,2,7
1,11,32,29,4
1,21,5,22
1,6
6
1,37,21,3,2,7
1,5,9
1,37,22,13
1
1,48
1,3,2,7
1
46,1,16,3,17,27
1,6,4
1
1,36,5
44,3,40
1
1,15,23,2
1,5,17
1,44
41,1,21,12,5
1,8
20,5,30,13,27
1,16
41,31
1,8,35,3,14
32,2
1,12
6,23,4
1,22
1,19,15,13
1,4,2
1,6,11,10,3,22,2
8,35,29,2
46,1,10
5,13
45,1,23
1,8,10
6,34,5
1,12,4,2
1
1,18,23,33
1,5,2
1,6,3,29
1,10,2
14
1,11,16,5,9
13
11,4
1,3,18,4,2
1,31,5,50,2
1,3,5,2
4
18
39
1,6,42
1,5
26
1,8,12,4
1,6,21,2
37,21,15,22,2
1,18,5,2
1,2
37,5
1,26,19,3,2
1,3
1,34,24,2
1,4
31
1,32,22
45,1,4
1,20,5,9,4,2
1,36,10,4,2
1,6,3,25
1,2
1,9,2,7,40
43,17,27,7
3,5,4
1,31,21,15,3,5
1,3,5
3,17,13,2
1
2
1,19,9
1,33,4
1,11,3,2,7
1,34,3
1,6,15,20,30
1,16,9,7
1,32,4,7
1,5
31,16,50,29
1,19,3,2
1,6,25
5,9
6,36,11,34,21,20,23,27
1,6,5
1,5,27,2
1,3,2
1,18,22,4,2
1
1,37,26,3,2,7
1,3,12,50
7
1,35,3
6
1,25
15,2
1,4,2
1,3,18,5,13,4,2
1,16
3,23,2
3
0
26,23
26,15
1,3,14,2
49,10,5,25
1,8,24
1,6,3,12
1,7
47,21
1,8,31,35,18,5,17,4,2
1
1,36,8,3,5
1,10,4,2
19,17,7,40
8,35,10,3,5,4,2,7
15,5,9
1,39,3,2
0
1,2
8,9,33,2
1,26,18
1
5,2
46,1,19,3,14
1,35,17
1,5
1
1,32,13
1,3,2
11,26
1,6,31,12,33,7
1,19,2
11,9,24,4
1,6,3,12,2
1,26,10
1,2
1,35,33
1,33,7
1,3
1,6,32,15,2
1,10,14
45,1,21,25,9
1,16,20,5,7,38
27,2
1,3,23,24
3,9
49,1,22,2
43,1,10,3,5,4,2,7
10,3,2
1,8,4,2
1,8,9,27,2
1,39,2
1,30,7
1,6
1,3,23,5
1,19,15,3
1,6,36,39,3,25,14,2
1,18,9,2
1,12,5,2
1,6,3
1,16,21,9,33,2
1
1,6
1,19,33,4
1,8
1,3,5
1,20,13,2
1,4,2,7
1,12,2
1,47,5,9,2
21,15,12,2,7,38
0
1,3,12
1,8,14,4,2
1,5,14,27,2
1,6,2
1,48,7
1,19,14,7
12,14
1,4,38
1,26,3,2
11,10
1,2
1,15,4,2
1,3,2
44,3,14
1,8,11,3
1,8,16,2
1
1,11,26,2
1,15,5,9,4
6,5,50,4
1,22
1,4,7
1,4
15
3,33
1,11,37,50
1,44,2
46,1,35
33
1,2,40
0
8,26,10,2
1,3
1,36,28,31,3,2
1,15,3
12
1,2
1,3,5,2
11,5,22,9,2,7
1,3,12,4,7
1,48
1,8,10
49,3,50,9
1,5
0
1,10,3
1,2
18,5
1,40
1
1,6,26,3,9,27,4,2
26,12,9
21,2
1,11,14,4
1,19,3,27
1
36,39,16,9
1,3,17,2
1,32,12,2
2,40
1,13
1,3,2,7
1,8,23,29
1,32,28
1,22
1,16,19,3
5,17,4
1,23,5
13,14
1,4,7
1,23,27,4,2
1,2,7
1,2
1,13,4
1,22,4
1,6,21,13,4,7
1,2
1,44,3,18
1,5
29
1,12,5
16,24
1
1,10
16,2
45,1,10,3,48,22,9,2
1,16,24
1,37,26,19
1,42,12,5,4,2
3,5
1,4
1,5
1,11,15,5,14
1,31,2
1,6,39,12,4
1,28,4,2
1,19
1,22,14,7
1,7
1
8,2
1
1,5
1,3,5,2
12,9,24,7
1
1,23,5
2
1
49,1,10,15,4,38
45,1,8,11,12
49,1,5,2
1,39,3,2
1,32,28,15,12,2,40
1
1,34,3
12,18,14,7
1,3,38
5,22,4
1,2
1,21,17,9
1,28,3
0
1,8,27
1,10,33
37,4,2,7
1,19,3,25,30,17
13
1,3,2,7
6,35,18,5,13
1,8,3
1,17,2,7
1,34,2
1,4,7
43,3,2
3,27
1,34,5
1,3,23,4,2
10,15,13,4
1,7
46,1,20,23,14,2
3,12,29
1,27,38
1,39,7,38
19,13
19,13
1,34,47,30,17,9
11,4
1,17,7
1,2
1,4
1,39
1,10,13,7
1,6,10,13
31
1,36,26,3,12,13,2
43,1,4
1,6,2
44
1,3,24
1,10,12,50,4,2
1,6
6,2
1,11,42,17,14,2
1,3,7
5
8,31,10
1,8,44,3,48,17
6,3,4,2
1,20,14,2
3,4
1,11,2
1,32,33
16,2,7
41
1,6,36,16,4,7
33
1,2
1,26,35,15,3,2
8,4
3,2
41,46,1,6,42
1,5,4,2
1,3,5
1,6,11,3,33,2
1
1,3,4,7
1,7
1,2
1,7
1,28
1,6,31,20
1
0
1,6,33,2
45,1,6,4,2
1,8,18,5,4,2
1,2
41,1,6
1,10,23,2
1,3
16,15,4,2
1,7
1,12
1
1,6,22
1,19,25,4
1,20,7
11,22,2
1,25,13,4
6,25,9,2
41,1,39,35,3,4,2
1,10
1,25,2
1
9
1,18,2
1,6
1,6,50,2
1,42,3,4
1,23
1,28,10,4,38
3,14
1,3,23,9,7
1,23,9
1,2
1,3,13,9,27
1,21,12,4
1,3
1,20
1,3,7
1,34,44,10,2
1
1,3,4
1,28,9
43,3
12,5
1,19,29
1,3,17
1,8,11,10,12,4
41,1,21,10
1,3,4,2
43,11,27,4,2
1,19,14
1
1,3
1,2
49,11,26,2
1,3
46,1,14,4
1,20,4
1,6,11,19,3,2
1,28,3
1,3
1,5,4
46,17
1
21
1,10,4,2
1,26,21,3
1,5,14,38
45,1,6,11,9,29
1
1,5
1,11,3
49,1,11,3
1,28,12
1,34,3
9
1,28,4,7
16,4
1,23,24
1,34,42,31,3
25
5
1,5,2,7
46,1,11,27,4
1,5,2
1,10,3,9,4
1,6,32,15
1,2
1,12,25
4
1,29,4
1,37,23
1,3,5,9,38
1,2
5
28,26,3,5,14,38
1,6,3,5,7
1,3,2
29,33
1,50,24,4,40
1,3
3,20,9,2
1,42,19,20,4,2
1,28
0
1,10,2
1,5,9
3,30,4
1,28,48,2
1,13
1,6,19,7
47,10,9
34,2
1,3,18,2
1,5
5
1,26,10,9,2
1,5
49,1,3,2
17,22,13
45,41,2
1,2
1,8,7
43,1,6,8,31,16,2
1,2
1,15,3,2
1,36,34,3,2
5,2,7
1,6,5
1,3
1
3
47,3,5
1
46,1,3,29,4
1
1,34,26,18,5,2
6,12,25,4
1,34,3,2
1,2
6,42,4,2
1,6,8,22
11,3,5,9
5
49
1,44,7,38
1,6,32,37,5,30
1,40
1,28,3,5,22,2
1,16,3,18,2
1,5
1,2
1,12
1,11,5
1,16
1,48,2
1,2
1,6,12
36,8,4
1,11,3,14
28,2
1,6,11,31,18,22,2
1,36,20,7
1,15,3,33
3
1,3,5,2
31,16,3,5,13
3,27,2
11,34,16,19,21,29,4
43,1,5
15,14,24,4,2
45,1,18,5,24,2
46,1,4
45,1,10,5,25
1,3,9,4,2
1,11,3
1,6,8,10,7
1,48,38
1,8,29
43,8
1,34,15
1,5,9
1,11,10,4,2
1,6,8,29,2
0
1,2
1,18
18
23,5,24
41,10,4,2
1,6,3
1,18,5,17
1,35,9
1,20,5
4,7
1,3
1,42
1,12,20,5
1,5
1,42,3,18
1,17,2
1,3,14,2
1,6,14,2
1,2
5,2
1
1,8,50
1,23,4
1,8,16,2
45,26,13,9,2
1,4
17
6,4
1,8,2
1,8
1,11,2,7
0
41,1,36,15,18,23,5,4
10,12,17
5,13,14
45,11,31,30,40
1,5,2
1,8,32,12,22,27
1,23,50,4,2
1,10,18,9,14,29,2
1,19,2
1
1,25,2
1,3,18,4
1,6,3,33
1,36,22,27,7
1,14,2
1,34
1,36,15,9
42,10
1,2
1,12,23,2
1,28,3,23,33,2
1,6,16,5
43,1
1,28
41,1,36,25,22
1,35,10,5
16,5
1,3,4
1,3,4,2,7
12,2
41,13
1,6,3
16,13,9
1,50,2
1,8,13,4
1,5,25,17,22
42,10,3,33,2
1,35,18
1,21,12,2
1,9,2
1,8,30
6,35,2,38
1,10,5,4,7
12,50,13,27,2
0
1,6,50
45,3,12,2
1,3,12,23,2
1,8,16,3
35,3,17,14,27,4
1,7
1,19
1,11
1
11,9
5,48,9,2
1,7
1,17
1,5
1,3,5,33
1,19
1,12,22
1,35
1,35,15,12,20
1,8,11,34,3,7
35,3,12,5,2
47,26,15
1,5,13
0
43,39,28,30,4
1
1,6,3,17
12,2
35,4
1,15,13
1,3,2
43,1,11,13
1,8,21,3,12,2
1
1,2
1,33,4
1,21,4,2,40
1,32,26,2
1,32
15,2
1,28
23,5
5,9,2
1,15,3
0
3
1,36,15,3,25
1,39,10,12,33
1
1,21,5,22,4
11,10,9,2
1,19,30
45,1,36,19,3,2
1,21,13,9,33,4
26,5,2
1,3,5
3
5
1,3,18,7
1,3,7
1
1,3,5,4
1
1
1,6,31,21
1,9
1,7
1,15,7
36,25,9,24,2
1,11,3,17,2
1,11,18,2
50,9,2
42,33
1,30
49,1,18,5,7,38
1,2
1,3,9,4,2
1,37,5,30,2
2
0
1,9,2,7
1,9,2
1,2
49,1,11,3,12,25,2
1,2
1,18,13,4
39,3,5
1,6,26,4
26,24
1,2
39,15,3,9
19,12,2
1,2
1,6,32,3
1,21,18,2
1,18,13,9,14
1,3,50
1,3,2
6,8,3,4
1,11,26
1,10,3,30
46,1,44
1,6,34
1,25,2
46,1,10,23,2
1,3
1,6,2
49,1,25,2
1,29,7
1
1,3,12,14,4
0
10,15
1,5
9,2
1,6,9,27,29
3,25
8,9,24,4,2
1,5,2
1,12,18,9,7
0
1,14,4,7
1,3,29,2
43,1,8,19,2
41,1,14,4,2
43,1,3,7
1,6,15
5,2,7
1,28,4,2
1,26
1,3
1,21,3,5,30
37,3,20,2
1,12,2
10,4,2
3,2
1
1,48,33,2
34,18,14,2,7
43,5,25,9
1,15,3,4,2
28,10
1,10,3,5,13
1,44,28,3,2
0
16,4
10,9,4
1,3,14,2
1,3,48
1,42,10,3
1
1,48
28,2
1,6,9,2
31,15,20,17,2
43,1,2
1,36,29,2
1,2
1,39,3,9,27
45,1
1,6,8,37,16,50
1,10,7
3,12,2
1,4
3
1,21,12,13
1,3,18,2
6,5
49,11,9
1,10
6,14
5
17,7
43,5
1,10,9
1,47,5,14
1,5,9
1,19,27
33
1,36
1,8,30,22,2
1,6,2
1,3,2
11,17,13,9,4,38
1,6,4
1,6,12,2
1,21,20,22
35,3,30,27
1,34,5,2,7
1,6,37,2
6,11,9,2
1,22
1,11,13
1,3,25,17,9,40
10,3,4
8,21
6,3,23,25,27
1,3,2
5,9
1,4
1,16,50,2
49,1,2,7
1,15,22
1,15,23,7
20,48
1,2
1,7
1,44,12,20,9,2
1,22,4
1,3,4,2
16,21
1,37,19,5,27,2
1,3,9
1,16,3,7
1,6,26,20
1,6,10
11,3,27
1,8,47,4
1,6,3,2
1,37
43,3,9
1,15,3,24,2
42,4,2
1,10,20
42,12,4
1,6,9,2
1,12
1
1,3,20
1,30
46,6,2
1,12,2
1,6
1,10,20,13,2,7
16,21,9,2
0
1,36,11,16,5,2
1,11,21,13
1,3,2
1
1,3
16,3,14,4
1,10,33,4,40
1
13,7
1,11,35
1,4
1,8,4,2
5,2
7
1,5,9
1,37,31,2
1,3,9,4
3,4
45,44,19,2
1,48,13,2,7
1,13,4
28,5,13,2
1,11,19,7
1,9,24,4
1,12
1,19,21,3,5,17
1,13
6,4,2
9,2
18,30,4
1,10
1,5,14
1,4
1,37,3,5,13,14
1,18,48,4
1,6,8,2
45,1,3,5
1,8,26,3,4,2,40
1,3
1,16,2
10
1,3,5,2
1,34,4
15
5,40
1,26,16,17
1,10,3,2
1,5,24
42,2
1,31
1,8,11,2,7
1,8,3,5
1,16
0
1,6,5,17,2
1,6,25,30,2
8,9
1,37,13
1,3,29,2
1,5,13,2,7
1,5,2,40
32,18
1,11,19,3,4,2
1,21,13
1,10,3,2
1,10,3,5,17,4,2,38
1
1,8,14
1,8,2
1,47,37,12,5,2
1,26,5,22
4,2,7
1,6,4
1,6,3,33
1,16,4,2
1,42
45,1,3,24
1,3,2
1,17,24,2
5,25,2
1,6,18
42,10,27
1,5,30
1,8,44,25
28,19,3,17,7
0
1
1
10,5,50
1,26,14,27
1,4,2
43,1,21,10,2
1,10,5
19,2,7
2
1,6,17,9,2
1
1,6,8,11,3,17,24,2
11,40
26,27
14,29
0
1,6,4
1,17,7
1,47,20,2,40
1,9,4,2
1
11
14,2
1,4,2
1,23,9,4
1,10,3
1,32
3,4,38
11,31
1,2
1,28,19
1,6,19
1,36,8
1,11,23,5,24,4
1,4
12,25,13,29,4,38
1,12,25,2
1,16,18,5,4
1,2
1,6,36,34,2
1
1,12,5
1,2
1
1,6,2
1,4,2
1,11,39
0
1,5
1,31,3,29,4,2
1,3,18,27
1,37,21,9
1,35,3,5,48
1,4,2
1,5,9,2
1,13
6
46,1
1,32,21,5,4
5,13,9,4
1
10
8,11,24,2
1,34,2
1
1,32,21,3,5,9,24
8,48,2
1
43,1,6,39,15,27,4,2
1,3,25
1,3
1,2,7
1,3
1,3,9,24,2
1,2
34,3
1
1,4
1,26,3,13
22,2
1,10,3
1,11,7
1,16,12,18,27,2
1,8,11,5,2
1,8,3
1,12,18,5,30
1,13
1,2
13
1
4,2
1,5
1,26,2
1,5
1,2,7
1
32,5,9,2
1,3,2
1,15
10,30,2
1,8
1,3,5,2
0
1,31
36,23,5,9
1,15,5
1,27
45,37
11,32
1,12
6,14,2,7
1,39,12,2,7
2
2
1
1,16,10,17,22,4
1,5
1,20,48,4
32,4
1,11,3,5,24
41,1,4,2
27
18,13
34,4
1,19,3
1,16,40
41,1,8,47,3
1,22
1,8,14,2
1
1,6,37,3,2
1
1,38
1,3,4,38
1,11,4
21,3
1,12
8,28,9
1,8,3,2,7
1
1,26,2
1,19,18,9
45,3,4
10,5
45,1
1
1,12,9
11,3,13,2
1,4
1,4
1,39,3
1,50
43,1,21,10
1,3,33,7
3,4,2,7
9
1,21,3,9
2
1,6,32,7
1,6,15,2
1,8,24
1,19,3
1,4,2
1,8,16,3,23,5,7
8,21,4
35
1,8,9,4
1,4,2
49,11,31,2
1
1,8,37,23,4
1,12,18,2
1,2
2
1,22,9,4
1,31,15,13,2
46,1,5,33,7
8,34,5,2
9,7
6,32,10,3
1,19,18,5,2
1,11,2
43,1,8,2,7
1
8,12
1,8,21
22,29
1,6,37,2,7
3
46,39
1,3
2
7
1,6,9,2
27,2
0
26,22
46,4,7
8,31,27,2
1,2
1,3
1,5,2
1,36,47,7
1,14
11,16,3
1,3,18,13,2
14
1,6
1
1,21,17,14,4,2
1,6,27,2
3,12,5,4
1,31,4
1,11,35,4,2
46,10
1,6,3,2
7
20,50
8,7
1,14
1,39,44,22
1,16,12,40
28,3,22,7
19,48,9
3,24
8,3,5
1,3,5,9,2
24,2
1,3,9
1
1,11,2
1,9
43,30,29
11,5
0
1,5,13
1,2
1,28,4
1,47,17,13
1,11,13
1,5,2
1,5
36,2,7
18,2
1,6,10,3
1,34,17,22,13,9,4
1,6,2
42,9,2
1,6,11,10,9
1,8,3,29
1,6,2
1,42,26,3
6,21,3,4
1,39
2,7
1
9,4,7
49,1,15,14,4,2
1,47,33,2
1,6,44,21,3,2
12,9
1
1,4
1,8,19,4
1,3,5,2
18
26,5
28,17,9
1,5,22,2
5
16,3
1,4
19,10,3,4
1,21,3
1,10,15
1,34,4,7
1,11,37,31,19,2,7
1,21,3,25
8,3,5,4,2
1,37,3
1,42,20,25
6,23
1,36,19,10,9,4,2
1,35,2,7
41,1,20,17
16,13
1,44,35,3,18,24
2
1,26
49,1,18,7
49,1
19
1,3,4
41,16,2
1,11,14
1,42
6,31
1,37,2
1,17,22
1,4
1,10,3
43,1,23,7
16,21
19,2
1,3
8,11,16,3,12,2,7
1
41,1,7
41,1,21,3,4
1,3,5,2,7
1,17
1,14,2
1,13,7
1,22,9
1,6,11,2
1,10
1,16,30
1,3
43,1,12,5
45,1,8,16,3,48
34,26
3,33,2
1,6,10
2
1,8,12
1,2
1,3,12,9
1,24,4
1,6,10
1,21,22,9,27
1,16,3,5
1,13,2
1,17,2
2
1,11,3,7
1,19,3,18,22,2
21,10,3,2,7
1,12
3,24,2
1,32,2
7
1,11,23
5,48,9,2
2,7
1,2
1,36,37,3,5
1
1,12
1,47,18,14,33
1,11,21,2
2
1,35,2
1,48,24,4
1,50,2
1,42,18
41,1,12,2
1,3,22,2
1,8,3,5,7
1,28,4
1,4
0
0
1,18
6,10
1,3,5,2,38
1,18,4,2
1,8,14
1,8,14
1,6,19
1,21,10,2
2
4,2
1,8,20,4,2
11,16,3,22,27
1,23,17,14,4
1,9
1,19,10,17,2
1,9,7
3
1,39,20
1,10,3,14
31,2
1,8,23,24
1,11,13,2
1,34,44
1,32,26,5,2
1,38
1,5,13
1,2
1,8,19
1,6,13,2,7
4,2
1,6,12,2
1,3,27
1,13
6,4
7
8
1,2
1,10,5
1,11,17
1,3,9,24
8,23,5
1,6,11,19,3,12,5,22,2,7
1,7
4,2,40
1
0
8,47,27,4
1,18
1,20,22
1,28,13,2
25,22,2
1,22,2
1,15,48,25
1,10,2
1,26,4,2
0
1,35,10,2
1,50
1,6
1,8,4,2,7
1,16,20,4,2
1,18,2
8,47,3,17
4,2,7
3
1,7
43,41,1,21,22,2
1,12,14
1,22,9
1,10,4,7
40
1
0
6,2
49,1,4
1,5,33,7
1,35,24,2
3
1,3,5,27,7
1,6,11
1,6
49,1
1,10,3,24,4,2
1,18,17,9
1,5,13,4
1,6,16,3
16,10
3,5,13,7
28,2
1,2
1,6,17,2
1,3,17,7
1,6,19,5,13
3,4,2
1
1,22,4,2
9,2
1,36,9,2,7
1,8,17
1,29
1,10,3,29,4
1,28,9,24,4,2
1,5,7
1,13,2
1,20,9
1,12,13,4
1,2
6
3,12
1,2
1,6,3,9,4,2
1,12,5,13,4,2,38
1,19,3,17,14,4
44,17
1,13,4
1,11,5,7
1,5,2
1,2
45,5
1,31,15,24,2
1,5,50,25
8,16,5,4
1,8,5,4
1,3,23,5,30,4
1,15,33,2
49,16,3,7
1,8,26,5,13
1,12,4,2
1,31,48
46,3,2
1,35,4
1
1,47,24
15,3,30,27,7
2
11,4
43,1
28,31,10,14
1,2
45,1,14
1,5,4
1
1,13
1,30,40
1,6,3
1,2
1,10,3
1,13
43,3
1,6,36,8,35,15
48
1,26,3,17
1,6,30,4
15,27
1
1,4
1,4
1,6,3,2
1,9,29
45,1,6,14,7
1
37,15,2
45,1,6,8,15,2
5,7
1,24,38
1,8,30
1,10,3,23
3,2
1
1,2,7
0
1,6,23,25,4,7
11,5,4
1,8,4
1,2
1,11,35,5,22,38
1,11
45,41,19,3
46,8,32,24,33
41,19,15,7
1,21,20,14,7
1,2
29,2
12,14,4,2
11
1,12
1,31,5
1,10,15,3,2
1,28,19
1
11,17,22
1,8,10,3,13,2
41,1,48
0
1,9,4
1,6,28,31,5,2
1,3,14,2
8,2
10,17
49,26,18,2
1,21,2
34,2,7
1,12,2
1,3,20
1,2
11,9
43,1,5
1,3,5,33,7
8,14,2,7
1,8,2
43,3
1,6,48,22,4
1,10,5
25
1,6,11,2
43,1,25,17
1,6,13,2
4,2
1,19,24,2
41,1,12,2
1,36,11,10,12,5
1,24,33
1,11,25
36,35,5,2
1,17,13,40
2,7
1,6,20,5,9
47,3,2
1,3
1,6,47,2,7
1,47,3,20,2
18,14,2,40
1,8,3,20,5
1
39,10
0
1,36,29
41,1,10,24,2
1,15,5
1,3,5,2
3,12,18,2
8,39,15,4,2,7
1,31,3,5,25,4
1,47,3
1,33,2
5
11,3,12,2
1,31,27
10,5
13,2
1,10,5,9,2
1,6,31
46,1,19,17
1,2
4,2
1,20,5,14,4
1,6,4,2
1,6,10,14
1,11,13,9
1,22,9
36,12,5
1,8,10
1,2
28,16,20,4,7
1,5,2,7
43,46,1,23
1,8,26,2
1,19,23,2,7
49,1
1,11,3,18,2
1,3,23,25,2,7,40
1,3,22,33,4
10,17
1,6,3
1,8
1,6,5
6,26,2
0
49,1,5,27,4
1,6,42,20,2
17,4,7
1,2
1,21,3
1,18
8,11,18,2,40
20,2
0
1,6,3
1
43,1,5,4
1,2
2
5,2
25,4,2
1,34
6,8,37,17
45,1,37,9,4,2
1
1,2
1,17
1,23,2
1
45,1,9,4
1,10,2
43,1,44,5,4
1,3,25
1,17,9
1,36,8,32,47,10
7
28,3
1,8,11,12
10,3
1,34
1,21,5
1,8
41,10,2
49,1,3
1,28,22,4
1,37,3,13,4,2,40
10
1,32,3,5,4
1,35,5,7
1,2
43,12,9,24
1,3,23,29
46,1,14,4,7
1,8,15,17,14,27,2
1,22,2
47,3
6,8,3,2
0
22,7
1,8,23,2
1,20,2
1
1
10,2
1,34,10,3,5,2
1,7
1,18,5,38
1,28
1,6,10,5,4
50,7
1,13,2
1,6,35,3,22
1,47,2
1,5,14,2
1
1,8,12,7
1,37,12
11,2
20,4,2
31,9,4,7
1,3
5,4
1
1,12
5,2
10,4
1,8,25
15,13
1,2
1,11,35,4
2
0
1,14,2
0
1,4,7
0
1,23
1,33,2
1,11,15,14,24,2
45,8,2
1,5
1,36,8,47,13
1,26,3,18,22
1
1,3,18,7
5
1,36,14,4
1,24
9
31,4,7
42,13
1,42,19,12
1,8,12,2
12,29,38
41,1,6,42
6,2
1,39,31,16,10,23,5,2
1,6,47,2,7
1,19,17,9,7
1,28,3
1,20,5
2
6,19,4,7
0
1,22
1,9,2
1,8,10,3,12,2
15,2
0
1,3,33
19,5,2
1,15,13,7
28,3,20,25
45,1,16
1,11,37,2
1
30,24
1,2
1,2
45,1,42,7
45,1,32,15,3
1,25
1,8
2
1,2
6
1,36,2
1,31,16,5,13,38
1,3
1,23
1,13,33,2
26,9
1,6,50,9,14,2
1,32,5
10,3,14,4,2
2
1
1,3,25,2
1,2
1,3,5,22,4
1,47
1,11
4
1,36,35,3,20,2
1,18,5,2
4,7
6,3,18
1,47,2
42
1,4
3
1,3,2
1,10
18
1,17,22
1,21
1,13
49,6,3,30,17,2
0
1,29,2
1,44,16,20
1,6,9
1,36,8,22,4
16,3
6,8,15,5,2
1,3,25,4,2
2
49,1,5
1,3,18,22,2
1
1,35,5,13
1,21,4
1,10,3
18,2
31,12,2
45,30,4,2
1,33
1,3
1,2
42,37,3,5,4,2
1,26,24,4
17,2
1,12,5,14
1,50
1,4
1,10,9
1
1,19,2
1
1,8,34
12
1,10,3,12,14,4,2
1,11,3,4
18,9
1,19,5,2
36,2
1,25,2
1,12,5,29,7
46,26,4,2
1,26
1,47,3,14
43,39,4
1,32,31,4,7
1,22
1
1,6
1,6,3,5,30,4,2
4,2
1,25
1
1,42,2
1,6,4
1,17
30,2
1,11
1,15
35,5
3
3,4,2
22,2
0
1,11,2
3,5
1,10,3,2
5,24,2
1,4,2
1,10,3,2
1
1,11,37,13,14
3,4
1,3,2
1,3
1,44,2,7
0
1,21,9,33
36,3,4,2
12
43,18,4
1,3,2
1,21
1,6,11
3
1,3
1,8,2,7
1,12,24
3,48,9
1,8,3,2,40
1,6,34,3,13
1,6,8,3
1,24,4
8,7
1,6
1,23
1,39,29
27
1
1,11,15,12,5,4,2
1,3,7
43,18,4
3,33
1,16,30,4
1,11
47,19,10,22,2
1,3,2
1,8,25
1,3,2
5
1,33
6,8,19,50,4
2
0
11,3,29
14,2
45,1,8,13,2
1,24
10,9,24,2
1,37,3,4
41,1,23,4
1,5
35,20,7
41,1,6,19,3,2
1,42,15,4
1,19,12,2
1,2
6,36,19,2
1,18,4
6,29,4
1,3,13
1,11,3,4
3,17,38
1,26
1,2
1,19,4,7
43,6,2
1,3,13
1,13,9,7
1,2
1,12,23,2,7
1,4
1,6,15,2
1
1,11,34,19,5,4
28,2
1,14
1,3
43,1,11,16,21,3,18,2
1,11
6,21,3,17
1
1,3,7
1,2
17
5
1,3
28,3,2
1,47,24,2
9,2
1,13
3,9
43,33,2
1
1,6
1,21,3,2
1,3,2
1,10,4
1,4
1,25,13,4,2,7
11,2
1,6,37,3,27
1,8,3,13,2
43,10,3,5,9,2
1,10,3,4
32,16,5,13,4
1,31,9,24,2
0
8,28,18,22,4
4
0
1,6,32,4,7
28,5,2
1,32,3,7
1,42,16,2
1,8,3,17
1,23,4,40
15,3,12,18
11,3
1,32
1,27
45,1,31,21,3,5,13
1,10,3,5,2
6,28,14,2
1,10,9,2
1,8,24,2
1,15,4
0
1,11,2
1,9,14,2
4
1,48,9,2
1,16,19,13
1,36,16,3,5,2,7
1,2
1
1,16
8
1,6,4,2
50,14
2,7
46,1,3
1,23,25,2
1,31,10,12
1,3,5,14
19,5
1,4,2
43,1,35,3,12,2
3,4
1,29,4,2
1,11,20,9,4,2
37,20,5,17,29,4
1,3,9,29
1,6,3,2
1,30,2
3,4,2
41,1,6,16,50
1,5,7
1
1,5
17,2
1,6,5,2
1,6,3,13
1,6,3,5
1,11,12,2
1,8,19,3,5
1,3
45,1
1,10,3,2
1,16,5,4,7
1,16,3,5
1,8,10,4
12,4,2
45,1,37,12,5
0
1,5,13,38
1,8,35,21,3,2
1
28,21,5,2
3,2
1,32,2
1,8
1,28,3,20
19
1,20,4,2
8,12,14,27,4
1,3
1,8,10,18,5
1,11
45,11,4
1,50,2
1,6,3,4
28,12,2
1,21,9
1,26,10,3,30,9
11,27
1,34,3,9
1,8,5
50,4
18,48,14,29,4,2
1,8,11,12,5,22,13,2
1,36
1,34,16,9,2
41,6,11,37,3,12,2,7
1,15,2,38
1,50,9
25,2
1,21
37,3,4,2
1,10,12,2
2
1,8,50,2
1,5,4,2
1,11,4,7
1
1,31,2
1,10
48
1,8,2
1,23,40
1,37,20,5
1,19,48,4
1,17,24
1,3,17
1,2
1,20,5,7
41,19,5,14,2
1
3,14
1,6,27,2
1
1
1,3,2
1,16,19,4,7
1,12,2
25,4
1,23,2
1,21,4,2
42,37,22
1,12,33
45,1,27,2
41,6,31,9,2
0
1,2
1,3,50,13
1,9,2
1,3
2,7
1,15,5,2
3,30,4
8,3
1,8,48
0
1,16,12
19,25,2
46,1,5,2
32,16,18,14
1,6,44,28,9
4
1,6,11,42,50,2
1,3,13
1,5,4
41,1,35,2
1,9
14
46,1
1,5,9,24,2
1,16,10,18
1
1,31,3
1,26,23,9,7
1,5,2
9,24,2
1,11,31,16
1,4,2
11,13
1,8,3
1
1,16,15,2,7
40
1,16,3,2
2
1,6,16
1,33,2
13,4
1,8
1,10,3,27
1,44,3,2
1,6,3,5,22,13,7
47
1,2
1,2
1,11,3,23,5,27,2
2
1,9,2,7
1
1,6,13,14,2,7
41,1,6,16,17,2
1,23,9
1,19,3,5,22,14
1,23,2
1,8,21,3,12,5,24
1,8,15,2
13
1,48
1,19,14
1,37,7
11
1,10,23,13
1,17,7
6,2
12,2
1,11,12,9
1,11,47,5,2
11,37,14
1,4,2
1,28,3,9
1,36,20,2
1,2
1,9,4,2
1,6,31,2
1,16,13
1,32,3
1,6,19,12,2
46,35,4,2
1,25
1,5,9,2
5,9,4
6,12
1,11,4
1,17,22,4
0
1,3,4,2
1,8,3
1,11,7
1
1,2
1,10,3,4,2
31,30,9,7
1
1,8,7
1,3,5,14
5
1,8
30,2
49,1,37
1,5,17,2
1,31,19,12,2
46,1,3
43,1,5,2
1,6,15,3,2
1,16,24,4,2,7
6,3,5
1,18,30,29,7
3
6,5,13,9,29
46,34,3,50,14,2
8,3,12,9
1,3,4
1,23
6,3,5,17,4
1
1,3,23,5,7
1,44,5,2
1,11,42,21,27,2
38
1,2
1,2
4,2
17,2
6,3,12,5,22
1,23,48,13,2
31,30,17,13,2
1,28,25,2
4
1,3
1,17
1,3,22,2
1,2
1,3,14
0
8,7
1,16,3,2,7
1,11,5,2
1,6,10,2,40
1,14,29,4,2
1,6,3,4,2,38
1,19,12,2
1,2
1,10,20,5
6,12,4
1,31
1,6,2
1
0
6
8,16,48,13
1,3
1,12,7
19,3,5,14,29
11,3
3,13
6,24,2
1
1,48,2
2,7
1,6,3
1,35,2
1,8,16,10,2
41,1,5,9
1,5,30,4,2
1,6,10
1,24,2
1,2
1,48,7
1,6,3,40
50,2
11,31,20,13
1,12,2
1,10,27
1,29
1,10,20
1,6,37,12,2
1,19
1,34,5,22,2
1,8,39,12,5,7
0
1,3,5,7
15
1,8
4
1,12,2,7
45,10,2
1
2
3
1
6,3,5
1,15,48,22,9
1,6,27
1,3,50,9,4,2
19,9,7
1,3,5,30,2
1,8,7
32,2
46,1,11,5,25,9,2
19
1,33,4,2,7
6,34,4,2
43,1,5,27
1,4,2
3,4
10,25,2
44,9,4,2
1,12,23,24
1,21,13
36,3,2
43,47,3
1
10,9
1,22,4,7
1,2
10,5,4,2
8,11,10,30,14
1,18,2
1,8
3,2
46,1,10,2
1,32,22,14
1,9
1,8,10,3,22,38
41,1,19,5,2
1,6,10,15,4,2
47
1,13
1,3,5,30,2
15,12,18,23,4
1,9
1,16,3,14,2
45,1,3,7
1,3
1,4,38
49,1,8,9
15
5
1,15,4,7
1,19,3,12
1,2
1,8
1,8,23,48
1,6,8
1,2
1,6
1,2
8,34,3,2,7
1,12
3,5,4,2
1,6,39,23
1,8,3,40
1,4
1,17
1,21,2
1,2
1,32,2
1
1,32,3
1,9,29,2
1,11,3,2,7
24,7
0
1,11,15,3,5,24,7
6,2
1,12
1,10,2,7
1,30
1,21,2
1,19,15,38
1,3,23,9,2
1,9,33,2
1,8,16,15,2
1,44,37,19,23,40
11,2
3,23
1,5,4,2
1,26,13
1,23
18,4
1,12,2
1,34,13
19,15
1,6
7
15,22,2
1,13,29,2
1,6,3
1,3
1,6,19,33,4
1,6,8,11,14,7
1,6,3
1
44,10,5
1,10,4
1,26
1,3
12,30,24
3,12,13,4
1,2,40
1
1,39,16,3,9
1
1,2,7
1,18
1,3
1,20,4,2,7
1,8,26,15,5,4
0
1,2
1,37,2
43,3
1,23,4
1,7
21,4
1,18
46,6,15,2
1,6
1,28,2
1,3,18,23,4,7
1,18,27,40
1,11,21,12
8,39,3
1,3,2
4,2
1,3,4
1,12,17,4
1,3,5
1,6,5,2
1,13
1,33
43,3,4
45,37,3,2
1,26,25,4,2,40
1,9,4,2
1,6,34,28,21,29
1,3,14,2
1,30,2
5
5,29,4
1
1,7,38
1,6,8
1,12,5,7
45,46,1,6,8,5,27
1,8,9,4
1,5
1,8
1,2
1,4,2
4
1,2
1,5,17
1,10,12,5
0
1,39,32,2,7
1,6
45,1,11,4
1,19
1,11,15
1
46,4
43,11,16,35,20,4
1,2
9,4
49,8,3,4
6
1,8,14,2
1,28,30,14,27,4
41,1,11
1,11,2
36,5,2,40
1,35,21,5,2
1,19,20
20,2
43,1,6,11,2
10,4
46,6,5,27,2
11,18,9
19,3,2
1,20,7
1,8,18,5,40
1,17,2
1,12,5,9,2,7
1,5
1,39,26,35,2
1
1,8,2
1,9
1,2,7
1
1,8,3,50
1,3
1,3,2
1,23,33
0
1,2
1,15,3,12,5,2,7
1,10,17,4
1,20,38
1,6,39,13
6,3,18,24,2
0
1,21,12,2
1
1,10
1,19,22,2
21,12,24
0
26,48
1,42,3,9,7
1,3,5,2
1,29
44,2
12,7,40
1,8,2
1
1,8,38
1,10,4,2
1,34,12,29,2
1,13,33,4,2,7
5,7
1,30,29,4
1,6
1,44,3
8,3
1,11,26,21
1,26,12,7
1,4,7
1,16,21,30,17,2
1,3,23
1,11,2
1,3,13
1,6,3
1,18
1,11
1,11
1,8,32,10
41,1,3,13
1,3,2,7
1,5,14,24,2
1,39,10
1,28,3
1,8,10,15,12,20,5,13,4,2,7
1,10,3,5
1,4,7
1,39,5
39,44,5,2,38
1,5,13,2
32,28,18,23,2
1,3,2
1,21,22,2
1,15,5,2,7
1,15,3,23,14
1,10
1,6,8
1,48,9,14,24,2
6,8,11,4
1,18
1
1,3,25,2
49,15,27,7
1,2
46,1,5,9
1
1,39,15,4,2
1,3,18,5
1,6,10,20,23,13,2
1,15,22
5
1,2
1,19,5,2
1,2
49,1,18
1,23,5,50
1,3
1,3,12
25,7
3,14
1,10,4
10,14
6,4,2
3
3,12,29
1,26,3,20,9
49,1,3,4,2
17
15,17
1,3,2
1,44,16,5
1,6
25
1,34
1,34
1,2
1,50,14
1,16,5,4
17
1,13
0
1,6,13
1,32,4,2
1,3,25,2
1
1,8,13,4,2
1,13,4
1,5,25
8,3,12,25,14,2
1,11,28,3,5,2
1,3,12
1,15,5,13,2
1,3,18,5
1,11
23
1,3,2
43,6,3
16,4
1,6,8,18,4,2
1,18,13
1,2
1,3,18,5,9,4,2,38
0
1,10,50
1,6,12,30,13
1,25,27
1,13
1,13,2
1,24
6,8
49,1,4
2,40
1,3,4
1,9,14
1,6,16,2
1,8
4
1,37,10,12,24
1,6,3,17,2
3,25
2
6,26,3,5
1,23,4
1,32,10
1,6
36
1,5,4,2
1,6,13,38
6,11,16,2
28,3,24
1,10,25,2
1,20
1,26,16,40
45,1,6,5,2
1,6,10,4
20,4
14,4
1,14
1,8,32,17
1,13,2
0
37,5,25,9,2
1,36,3
8,12,23
2
3
1,4,38
1,3,24,2
1,9
1,14,2
1
46,36,11,9,27
1,5,50
1,6,28
1,6
1,6,44,4,2,40
1,8,10,2
19,3,18,30,2
11,34,23,5,17,4
1,27,29,2
1,48
1,23
1,13
1,10,22
2
1,2
6,14,2
34,26,2
15,2
1
1,22,14
15,50,2
1,34,3,5,22
1,3,2
1,8,27,4,2
1,11
1,3
8
1,3,13
1,4,2
1,36,26,2
1,8,26,16,29,2
41,10,5,14
1,8,4
1,19,13
1,44,3,5
1,32,3,4
26
1,5
2
1,34
1,2
8,30,2
1,3,2
1,2,40
1,16,3,23,5,14
1,5
1
1,6,8,13,24
1,13,4
19,17,27
8,5,27
1,6,15,3
1,19,3,2
1,5,13,27
1,3
1,6
1,12
1,8,3
3,4
1,37,3,23,2
1,6,10
1,32
1,14
30
1
1,3,18,2
1
1,2
1,18
1,2
1,14,2
1,8,14,2
1,3,4,2
43,8,22,4
17,9
1,8,42
1,37,3,13
6,18,2
8,12,30
41,48
1,3,4
2
26
1,6,15
1,21,3,17
1,4
1,13,2
1,8,44,2
1,3,2
1,26
1,3
1,6,28,20
6
41,1,50
43,1
1,3
1,3,2
1,12
2
1,21,2
1,3,9
1
1,2
1,3,2
8
1
1,3,14,24
1
1,6,3,20,17,2
21,3,4
1,8,4
1,3,9
8,32,3,18,2
0
1,9,2
1,4
1,30
1,8,15,23
1,26,12
1,6,11,30
6
1,23,13
2
1,2
4
1,21
1
1,8,3
11,2
1,2
1,2
1,2
0
1,3,12,2
1,8,9,2
1,26
1,22
1,3,2
16,2
1,8,26
3
1,28,14,4,2
1,11,4,2
3,22
1
1,21,18,2
1,3,2
1,11,15,13,29
3,13,2
1,44,26
1
1,17,2
42,14,2
1
1,17,2
1,2
1,3,20,4
16,2
44,3,17,2
1
1,4
1,11,2
26,15,3
1,11
1,3,9,4
1,17
1,48,14
1,28,21
1,3
18,13,2
1,3
43,1,2
1,11
1,18
3,12,23,2
1,2
46,36,42
0
1,30,17
1,15,25
1,16
1,9
1
1,44,3,29,4,2
1
1,23,2
1,18
1,21,24
1
1,18,29
8
0
20,9,4
1,26,3
1,3,22,9
1,20
1,4,2
42,3,2
1,16,4,2
1,25
2
26,2
1,15,23,40
0
1,8,26,3,4,2
1,36
1,36,32,2
1,3,17,2
1
23,2
2
1,2
3
3
1
3,13
44
1,3
43
1
1,20
11,18,13
1,8
16,3,2
1,15,18
43,21,15,2
29
18,4
43,11,17
2
0
1,30
1,20,25
1
1,11,12
3
1,21,18,22
1,3,23
1,21,12,4
1,22
0
1,12
1,4
0
1,4
1,3,13
1,4
1,34
12,30,13
8
1,15,3,18,13
1,11,13
1,11,26,20,18,25
3,13
1,18
0
1,29
1,15
13
1,3
1,17
11
1,3
3,18,13
1
1,20,4
1,8
1,3
36,21,17
1
49,1
1
17,4
1
3,13
41,1,11,3,13
18
1,8,4
0
0
1,18,4
4
1,3
1,21,4
0
0
1,13
25
1,37
1,3,22
1,11
11,20,4
1,44,20,18,4
1,3,4
1,21,23,29,4
0
1
1,4
41
1,4
49,11,3
1
18
37
1,8,4
1
0
21
1
32
1,3
1,3
1,13
1,29
1
46
1,22
1
11,15
0
1,23
1,4
1,3
1,3,13
1,3
1
1
1,3
3
1,4
0
32,3,29,4
3,23
0
1,11,3
3
3,4
1,3
8,4
1,11
1,13
1
1,13
8
0
11,44,17,4
0
1,8,28,18,4
1,4
1,4
1
1
3
0
1
1
1,3
0
1,8,11,15,3,13
1,3
1,36
1
46,1
8,21
1,3
1,4
1,8,3
1
36,20
18
1
1,16
1,21,17
1
1
18
46
1
0
1,17
1,11
1
15
1
1
46,1
0
1,8
1,17,4
0
1,32
1,20,30
0
16,4
1,8,4
1
4
1
1,22
30
1
1
0
1,11
1
37,18
0
0
1,42
41,1
1,4
15
0
0
1,29,4
1
1
0
1,18
1,8,29
34,15
11
0
49
0
0
4
0
30
16
42
0
0
0
0
0
0
0
0
8
4