Baseline
  Ls         QPS     Avg dist cmps  Mean Latency (mus)   99.9 Latency   Recall@50
=================================================================================
  50    17629.05           3687.22             2705.62       14582.74       62.96
  60    14420.19           4195.96             3319.41        9059.50       65.92
  70    12430.30           4685.40             3850.11       10474.53       68.19
  80    12256.81           5171.15             3903.45        9068.07       70.07
  90    11310.12           5654.48             4230.41        9502.88       71.76
 100    10462.90           6129.37             4574.90        9994.75       73.17
KK 1.5 
  Ls         QPS     Avg dist cmps  Mean Latency (mus)   99.9 Latency   Recall@50
=================================================================================
  50    18358.91           3481.68             2596.59       11293.99       62.22
  60    15567.45           3960.66             3071.11        7017.92       65.11
  70    13784.47           4428.85             3468.83        7884.71       67.45
  80    12403.31           4895.59             3857.31        9179.31       69.45
  90    11370.93           5347.67             4210.76        9467.92       71.05
 100    10512.56           5802.73             4553.08       10074.80       72.53
KK 3
   Ls         QPS     Avg dist cmps  Mean Latency (mus)   99.9 Latency   Recall@50
=================================================================================
  50    20752.51           3073.33             2294.82       11958.39       58.91
  60    17740.88           3497.61             2695.71        6242.32       61.94
  70    15720.06           3905.47             3045.03        6874.85       64.37
  80    14159.68           4309.33             3379.80        7530.61       66.43
  90    12935.51           4708.85             3700.46        8264.61       68.18
 100    11816.73           5105.36             4050.05        8798.25       69.70
KK 4
  Ls         QPS     Avg dist cmps  Mean Latency (mus)   99.9 Latency   Recall@50
=================================================================================
  50    20839.83           2990.19             2287.41       15997.56       56.47
  60    18354.65           3397.21             2603.87        5784.60       59.61
  70    16165.05           3798.61             2959.77        6754.35       62.18
  80    14513.55           4190.69             3298.64        7609.41       64.36
  90    13122.89           4579.45             3645.76        8344.87       66.26
 100    12005.00           4963.58             3986.09        8858.86       67.88